0 0.6408163265306123 0.5909090909090909 0.053061224489795916 0.031818181818181815
0 0.3673469387755102 0.9556818181818182 0.11836734693877551 0.08863636363636364
0 0.4122448979591837 0.8613636363636363 0.08979591836734693 0.07045454545454545
0 0.6326530612244898 0.7886363636363637 0.08979591836734693 0.07045454545454545
0 0.8040816326530612 0.575 0.053061224489795916 0.031818181818181815
0 0.6040816326530613 0.6613636363636364 0.06938775510204082 0.05
0 0.2612244897959184 0.6613636363636364 0.06938775510204082 0.05
0 0.9469387755102041 0.615909090909091 0.06938775510204082 0.05
0 0.9020408163265307 0.5954545454545455 0.053061224489795916 0.031818181818181815
0 0.8693877551020408 0.5363636363636364 0.053061224489795916 0.031818181818181815
0 0.9734693877551021 0.5863636363636363 0.053061224489795916 0.031818181818181815
0 0.8244897959183674 0.6045454545454545 0.06938775510204082 0.05
0 0.9183673469387755 0.5636363636363636 0.053061224489795916 0.031818181818181815
0 0.8530612244897959 0.6318181818181818 0.06938775510204082 0.05
0 0.22448979591836735 0.7045454545454546 0.06938775510204082 0.05
0 0.02857142857142857 0.7840909090909091 0.05714285714285714 0.05909090909090909
0 0.6040816326530613 0.5727272727272728 0.053061224489795916 0.031818181818181815
0 0.10612244897959183 0.7340909090909091 0.08979591836734693 0.07045454545454545
0 0.8530612244897959 0.8931818181818182 0.11836734693877551 0.09090909090909091
0 0.2653061224489796 0.7363636363636363 0.08979591836734693 0.07045454545454545
0 0.04897959183673469 0.7068181818181818 0.06938775510204082 0.05
0 0.2653061224489796 0.6113636363636363 0.06938775510204082 0.05
0 0.5346938775510204 0.6840909090909091 0.06938775510204082 0.05
0 0.7714285714285715 0.6886363636363636 0.06938775510204082 0.05
0 0.9020408163265307 0.6454545454545455 0.06938775510204082 0.05
0 0.053061224489795916 0.9318181818181818 0.10612244897959183 0.09090909090909091
0 0.5551020408163265 0.7363636363636363 0.08979591836734693 0.07045454545454545
0 0.6244897959183674 0.6136363636363636 0.06938775510204082 0.05
0 0.49387755102040815 0.9068181818181819 0.11836734693877551 0.09090909090909091
0 0.6612244897959184 0.9068181818181819 0.11836734693877551 0.09090909090909091
0 0.6612244897959184 0.740909090909091 0.08979591836734693 0.07045454545454545
0 0.7918367346938775 0.7636363636363637 0.08979591836734693 0.07045454545454545
0 0.1306122448979592 0.8636363636363636 0.08979591836734693 0.07045454545454545
0 0.2897959183673469 0.6386363636363637 0.06938775510204082 0.05
0 0.06938775510204082 0.6181818181818182 0.06938775510204082 0.05
0 0.15918367346938775 0.5227272727272727 0.053061224489795916 0.031818181818181815
0 0.8979591836734694 0.8295454545454546 0.08979591836734693 0.07045454545454545
0 0.004014993752603082 0.0014307851239669421 0.00028321532694710515 0.00011363636363636373