0 0.871875 0.11666666666666667 0.071875 0.12777777777777777
0 0.60625 0.09444444444444444 0.071875 0.12777777777777777
0 0.909375 0.5805555555555556 0.071875 0.12777777777777777
0 0.2078125 0.75 0.071875 0.12777777777777777
0 0.659375 0.425 0.071875 0.12777777777777777
0 0.10625 0.05138888888888889 0.071875 0.10277777777777777
0 0.9203125 0.3472222222222222 0.071875 0.12777777777777777
0 0.8125 0.8722222222222222 0.071875 0.12777777777777777
0 0.0015380859375 0.0005401234567901234 0.00011230468749999986 0.00035493827160493815
0 0.74375 0.28055555555555556 0.071875 0.12777777777777777
0 0.5234375 0.6666666666666666 0.071875 0.12777777777777777
0 0.43125 0.12777777777777777 0.071875 0.12777777777777777
0 0.3875 0.325 0.071875 0.12777777777777777
0 0.4109375 0.6194444444444445 0.071875 0.12777777777777777
0 0.209375 0.05 0.071875 0.1
0 0.9515625 0.925 0.071875 0.12777777777777777
0 0.68125 0.5972222222222222 0.071875 0.12777777777777777
0 0.03203125 0.15555555555555556 0.0640625 0.12777777777777777
0 0.01953125 0.4 0.0390625 0.12777777777777777
0 0.8296875 0.5888888888888889 0.071875 0.12777777777777777
0 0.225 0.4 0.071875 0.12777777777777777
0 0.5390625 0.26666666666666666 0.071875 0.12777777777777777
0 0.7203125 0.043055555555555555 0.071875 0.08611111111111111
0 0.5328125 0.4888888888888889 0.071875 0.12777777777777777
0 0.684375 0.8666666666666667 0.071875 0.12777777777777777
0 0.290625 0.21388888888888888 0.071875 0.12777777777777777
0 0.3515625 0.9027777777777778 0.071875 0.12777777777777777
0 0.4921875 0.9055555555555556 0.071875 0.12777777777777777
0 0.146875 0.275 0.071875 0.12777777777777777
0 0.10625 0.9083333333333333 0.071875 0.12777777777777777
0 0.0828125 0.55 0.071875 0.12777777777777777