0 0.6728070175438596 0.738 0.04473684210526316 0.053
0 0.6991228070175438 0.709 0.018421052631578946 0.028
0 0.9149122807017543 0.713 0.018421052631578946 0.028
0 0.8789473684210526 0.824 0.04473684210526316 0.053
0 0.016666666666666666 0.797 0.03333333333333333 0.066
0 0.40087719298245617 0.915 0.06578947368421052 0.093
0 0.8219298245614035 0.751 0.04473684210526316 0.053
0 0.5666666666666667 0.72 0.018421052631578946 0.028
0 0.03859649122807018 0.745 0.04824561403508772 0.066
0 0.32894736842105265 0.68 0.018421052631578946 0.028
0 0.016228070175438595 0.888 0.03245614035087719 0.066
0 0.0008756540473991997 0.000754 0.000027700831024930835 0.00004000000000000004
0 0.4780701754385965 0.782 0.04473684210526316 0.053
0 0.8824561403508772 0.711 0.018421052631578946 0.028
0 0.9631578947368421 0.73 0.04473684210526316 0.053
0 0.7657894736842106 0.673 0.018421052631578946 0.028
0 0.6429824561403509 0.823 0.04473684210526316 0.053
0 0.5552631578947368 0.782 0.04473684210526316 0.053
0 0.6640350877192982 0.785 0.04473684210526316 0.053
0 0.5535087719298246 0.694 0.018421052631578946 0.028
0 0.21140350877192982 0.884 0.06578947368421052 0.093
0 0.6771929824561403 0.707 0.018421052631578946 0.028
0 0.9473684210526315 0.715 0.018421052631578946 0.028
0 0.7175438596491228 0.749 0.04473684210526316 0.053
0 0.8614035087719298 0.734 0.04473684210526316 0.053
0 0.9456140350877194 0.738 0.04473684210526316 0.053
0 0.37456140350877193 0.803 0.04473684210526316 0.053
0 0.6850877192982456 0.684 0.018421052631578946 0.028
0 0.9793859649122807 0.7295 0.0412280701754386 0.053
0 0.0006024930747922437 0.000982 0.00005771006463527247 0.00009299999999999997
0 0.8324561403508772 0.68 0.018421052631578946 0.028
0 0.8074561403508772 0.9555 0.06578947368421052 0.089
0 0.0008725761772853185 0.0008309999999999999 0.000033087103724222845 0.00004600000000000004
0 0.00013465681748230226 0.0009910000000000001 0.000057710064635272376 0.00009300000000000008
0 0.39035087719298245 0.739 0.04473684210526316 0.053
0 0.7947368421052632 0.791 0.04473684210526316 0.053
0 0.5745614035087719 0.854 0.04473684210526316 0.053
0 0.07280701754385965 0.913 0.06578947368421052 0.093