0 0.6356164383561644 0.10082304526748971 0.0547945205479452 0.1111111111111111
0 0.6438356164383562 0.1934156378600823 0.056164383561643834 0.11934156378600823
0 0.22054794520547946 0.05246913580246913 0.0547945205479452 0.10493827160493827
0 0.0013698630136986301 0.00012701315856322715 0.00007506098705197988 0.00022862368541380886
0 0.4821917808219178 0.26337448559670784 0.052054794520547946 0.11316872427983539
0 0.8246575342465754 0.04938271604938271 0.0547945205479452 0.09876543209876543
0 0.7767123287671233 0.24074074074074073 0.056164383561643834 0.11934156378600823
0 0.31232876712328766 0.2613168724279835 0.052054794520547946 0.11316872427983539
0 0.3863013698630137 0.13786008230452676 0.0547945205479452 0.1111111111111111
0 0.33835616438356164 0.18518518518518517 0.056164383561643834 0.11934156378600823
0 0.01643835616438356 0.12757201646090535 0.03287671232876712 0.10905349794238683
0 0.1821917808219178 0.08436213991769548 0.0547945205479452 0.1111111111111111
0 0.7150684931506849 0.1522633744855967 0.056164383561643834 0.11934156378600823
0 0.910958904109589 0.20987654320987653 0.056164383561643834 0.11934156378600823
0 0.33287671232876714 0.050411522633744855 0.0547945205479452 0.10082304526748971
0 0.07123287671232877 0.0823045267489712 0.0547945205479452 0.1111111111111111
0 0.13013698630136986 0.18930041152263374 0.057534246575342465 0.10493827160493827
0 0.5575342465753425 0.053497942386831275 0.0547945205479452 0.10699588477366255
0 0.44931506849315067 0.05246913580246913 0.0547945205479452 0.10493827160493827
0 0.4986301369863014 0.1522633744855967 0.056164383561643834 0.11934156378600823