0 0.5302083333333333 0.7616959064327485 0.06666666666666667 0.12134502923976608
0 0.884375 0.7280701754385965 0.06666666666666667 0.12134502923976608
0 0.5927083333333333 0.36403508771929827 0.05 0.07748538011695906
0 0.49583333333333335 0.7675438596491229 0.06666666666666667 0.12134502923976608
0 0.9546875 0.8830409356725146 0.090625 0.14912280701754385
0 0.13541666666666666 0.7280701754385965 0.06666666666666667 0.12134502923976608
0 0.30104166666666665 0.8464912280701754 0.09583333333333334 0.14912280701754385
0 0.7458333333333333 0.7368421052631579 0.07916666666666666 0.14619883040935672
0 0.0010210503472222222 0.00111145309667932 0.00006944444444444454 0.00017740501350842978
0 0.49270833333333336 0.8654970760233918 0.09583333333333334 0.14912280701754385
0 0.0008865017361111111 0.0014085530590609075 0.000099826388888889 0.00021801579973325128
0 0.6791666666666667 0.7251461988304093 0.06666666666666667 0.12134502923976608
0 0.46770833333333334 0.814327485380117 0.09583333333333334 0.14912280701754385
0 0.6260416666666667 0.783625730994152 0.04895833333333333 0.0847953216374269
0 0.044270833333333336 0.8581871345029239 0.08854166666666667 0.14912280701754385
0 0.00007921006944444444 0.001404278239458295 0.00009982638888888891 0.00021801579973325112
0 0.0006575520833333333 0.0014577134844909545 0.000099826388888889 0.00021801579973325128
0 0.5729166666666666 0.8377192982456141 0.09583333333333334 0.14912280701754385
0 0.3458333333333333 0.8845029239766082 0.09583333333333334 0.14912280701754385
0 0.21979166666666666 0.7675438596491229 0.06666666666666667 0.12134502923976608
0 0.33229166666666665 0.7719298245614035 0.06666666666666667 0.12134502923976608
0 0.2947916666666667 0.7149122807017544 0.06666666666666667 0.12134502923976608
0 0.12604166666666666 0.7192982456140351 0.06666666666666667 0.12134502923976608
0 0.000498046875 0.0014491638452857288 0.00009982638888888894 0.00021801579973325112
0 0.18541666666666667 0.9261695906432749 0.09583333333333334 0.1476608187134503
0 0.7020833333333333 0.847953216374269 0.09583333333333334 0.14912280701754385
0 0.0234375 0.7456140350877193 0.046875 0.12134502923976608
0 0.19583333333333333 0.7397660818713451 0.06666666666666667 0.12134502923976608
0 0.3958333333333333 0.7777777777777778 0.06666666666666667 0.12134502923976608
0 0.35520833333333335 0.7324561403508771 0.06666666666666667 0.12134502923976608