0 0.38 0.305 0.075 0.1
0 0.09166666666666666 0.5125 0.06833333333333333 0.1075
0 0.905 0.5525 0.06833333333333333 0.1075
0 0.125 0.2625 0.075 0.1
0 0.16666666666666666 0.7825 0.06333333333333334 0.1175
0 0.66 0.93 0.06333333333333334 0.1175
0 0.44666666666666666 0.28 0.075 0.1
0 0.07 0.09 0.075 0.1
0 0.030833333333333334 0.935 0.06166666666666667 0.1175
0 0.5933333333333334 0.3525 0.06833333333333333 0.1075
0 0.135 0.2025 0.075 0.1
0 0.56 0.1125 0.075 0.1
0 0.11833333333333333 0.7125 0.06333333333333334 0.1175
0 0.2916666666666667 0.275 0.075 0.1
0 0.4866666666666667 0.51 0.06833333333333333 0.1075
0 0.265 0.3925 0.06833333333333333 0.1075
0 0.7766666666666666 0.235 0.075 0.1
0 0.035833333333333335 0.2625 0.07166666666666667 0.1
0 0.21 0.1875 0.075 0.1
0 0.5916666666666667 0.7525 0.06333333333333334 0.1175
0 0.18166666666666667 0.2875 0.075 0.1
0 0.9691666666666666 0.64125 0.06166666666666667 0.1125
0 0.07166666666666667 0.79 0.06333333333333334 0.1175
0 0.61 0.6575 0.06333333333333334 0.1175
0 0.42833333333333334 0.875 0.06333333333333334 0.1175
0 0.6933333333333334 0.6225 0.06333333333333334 0.1175
0 0.5116666666666667 0.8875 0.06333333333333334 0.1175
0 0.8116666666666666 0.665 0.06333333333333334 0.1175
0 0.2683333333333333 0.915 0.06333333333333334 0.1175
0 0.94 0.15 0.075 0.1
0 0.0003722222222222222 0.0024312500000000003 0.00010555555555555558 0.00029374999999999985
0 0.7533333333333333 0.73 0.06333333333333334 0.1175
0 0.6433333333333333 0.3875 0.06833333333333333 0.1075
0 0.9266666666666666 0.3225 0.075 0.1
0 0.335 0.3225 0.075 0.1
0 0.8916666666666667 0.405 0.06833333333333333 0.1075
0 0.0015222222222222221 0.00240625 0.0001055555555555554 0.00029374999999999985
0 0.019166666666666665 0.8325 0.03833333333333333 0.1175
0 0.30666666666666664 0.7625 0.06333333333333334 0.1175
0 0.7916666666666666 0.475 0.06833333333333333 0.1075
0 0.715 0.09 0.075 0.1
0 0.29333333333333333 0.475 0.06833333333333333 0.1075
0 0.0016444444444444445 0.0021437500000000003 0.0001055555555555554 0.00029374999999999985
0 0.13333333333333333 0.3725 0.06833333333333333 0.1075
0 0.0016250000000000001 0.00020625 0.00012222222222222227 0.00025
0 0.5666666666666667 0.55 0.06833333333333333 0.1075
0 0.7383333333333333 0.4025 0.06833333333333333 0.1075
0 0.9 0.695 0.06333333333333334 0.1175
0 0.8933333333333333 0.855 0.06333333333333334 0.1175
0 0.19333333333333333 0.505 0.06833333333333333 0.1075
0 0.19333333333333333 0.86 0.06333333333333334 0.1175
0 0.6533333333333333 0.03875 0.075 0.0775
0 0.09166666666666666 0.88 0.06333333333333334 0.1175
0 0.815 0.935 0.06333333333333334 0.1175
0 0.22333333333333333 0.49 0.06833333333333333 0.1075
0 0.575 0.2375 0.075 0.1
0 0.81 0.1 0.075 0.1