0 0.44569288389513106 0.7930174563591023 0.016853932584269662 0.02493765586034913
0 0.5749063670411985 0.7780548628428927 0.016853932584269662 0.02493765586034913
0 0.04307116104868914 0.7206982543640897 0.011235955056179775 0.017456359102244388
0 0.43820224719101125 0.6209476309226932 0.0056179775280898875 0.012468827930174564
0 0.09925093632958802 0.683291770573566 0.0056179775280898875 0.012468827930174564
0 0.49063670411985016 0.9251870324189526 0.016853932584269662 0.02493765586034913
0 0.3651685393258427 0.9600997506234414 0.016853932584269662 0.02493765586034913
0 0.4400749063670412 0.7032418952618454 0.0056179775280898875 0.012468827930174564
0 0.4344569288389513 0.7680798004987531 0.016853932584269662 0.02493765586034913
0 0.4850187265917603 0.8653366583541147 0.016853932584269662 0.02493765586034913
0 0.6348314606741573 0.972568578553616 0.016853932584269662 0.02493765586034913
0 0.18164794007490637 0.628428927680798 0.0056179775280898875 0.012468827930174564
0 0.4868913857677903 0.8952618453865336 0.016853932584269662 0.02493765586034913
0 0.5861423220973783 0.7007481296758105 0.0056179775280898875 0.012468827930174564
0 0.16104868913857678 0.600997506234414 0.0056179775280898875 0.012468827930174564
0 0.4737827715355805 0.6109725685785536 0.0056179775280898875 0.012468827930174564
0 0.21161048689138576 0.5635910224438903 0.0056179775280898875 0.012468827930174564
0 0.26591760299625467 0.8603491271820449 0.016853932584269662 0.02493765586034913
0 0.4044943820224719 0.7456359102244389 0.016853932584269662 0.02493765586034913
0 0.04307116104868914 0.7980049875311721 0.016853932584269662 0.02493765586034913
0 0.2696629213483146 0.5960099750623441 0.0056179775280898875 0.012468827930174564
0 0.1254681647940075 0.6608478802992519 0.0056179775280898875 0.012468827930174564
0 0.5842696629213483 0.7930174563591023 0.016853932584269662 0.02493765586034913
0 0.6985018726591761 0.8977556109725686 0.016853932584269662 0.02493765586034913
0 0.4700374531835206 0.6034912718204489 0.0056179775280898875 0.012468827930174564
0 0.6086142322097379 0.8329177057356608 0.016853932584269662 0.02493765586034913
0 0.11610486891385768 0.600997506234414 0.0056179775280898875 0.012468827930174564
0 0.4606741573033708 0.7281795511221946 0.011235955056179775 0.017456359102244388
0 0.10299625468164794 0.970074812967581 0.016853932584269662 0.02493765586034913
0 0.3464419475655431 0.600997506234414 0.0056179775280898875 0.012468827930174564
0 0.7546816479400749 0.9501246882793017 0.016853932584269662 0.02493765586034913
0 0.35580524344569286 0.5511221945137157 0.0018726591760299626 0.004987531172069825
0 0.5749063670411985 0.7007481296758105 0.0056179775280898875 0.012468827930174564
0 0.4307116104868914 0.5536159600997507 0.0018726591760299626 0.004987531172069825
0 0.0299625468164794 0.8229426433915212 0.016853932584269662 0.02493765586034913
0 0.38202247191011235 0.7381546134663342 0.016853932584269662 0.02493765586034913
0 0.6067415730337079 0.9551122194513716 0.016853932584269662 0.02493765586034913
0 0.31273408239700373 0.970074812967581 0.016853932584269662 0.02493765586034913
0 0.2209737827715356 0.7930174563591023 0.016853932584269662 0.02493765586034913
0 0.6816479400749064 0.8753117206982544 0.016853932584269662 0.02493765586034913
0 0.36891385767790263 0.71571072319202 0.013108614232209739 0.0199501246882793
0 0.34269662921348315 0.8678304239401496 0.016853932584269662 0.02493765586034913
0 0.7565543071161048 0.9900249376558603 0.016853932584269662 0.0199501246882793
0 0.33707865168539325 0.8428927680798005 0.016853932584269662 0.02493765586034913
0 0.5056179775280899 0.7680798004987531 0.016853932584269662 0.02493765586034913
0 0.23220973782771537 0.5810473815461347 0.0056179775280898875 0.012468827930174564
0 0.2696629213483146 0.6309226932668329 0.0056179775280898875 0.012468827930174564
0 0.36142322097378277 0.8079800498753117 0.016853932584269662 0.02493765586034913
0 0.5786516853932584 0.7331670822942643 0.011235955056179775 0.017456359102244388
0 0.45880149812734083 0.8653366583541147 0.016853932584269662 0.02493765586034913
0 0.301498127340824 0.6384039900249376 0.0056179775280898875 0.012468827930174564
0 0.2303370786516854 0.6184538653366584 0.0056179775280898875 0.012468827930174564
0 0.20037453183520598 0.7581047381546134 0.016853932584269662 0.02493765586034913
0 0.3913857677902622 0.9825436408977556 0.016853932584269662 0.02493765586034913
0 0.5243445692883895 0.7805486284289277 0.016853932584269662 0.02493765586034913
0 0.2958801498127341 0.8503740648379052 0.016853932584269662 0.02493765586034913
0 0.26217228464419473 0.7531172069825436 0.016853932584269662 0.02493765586034913
0 0.07865168539325842 0.5386533665835411 0.003745318352059925 0.007481296758104738
0 0.1348314606741573 0.6433915211970075 0.0056179775280898875 0.012468827930174564
0 0.033707865168539325 0.5960099750623441 0.003745318352059925 0.007481296758104738
0 0.19288389513108614 0.6209476309226932 0.0056179775280898875 0.012468827930174564
0 0.018726591760299626 0.713216957605985 0.011235955056179775 0.017456359102244388
0 0.5093632958801498 0.9576059850374065 0.016853932584269662 0.02493765586034913
0 0.4157303370786517 0.6234413965087282 0.0056179775280898875 0.012468827930174564
0 0.2397003745318352 0.7680798004987531 0.016853932584269662 0.02493765586034913
0 0.1404494382022472 0.8503740648379052 0.016853932584269662 0.02493765586034913
0 0.6704119850187266 0.8728179551122195 0.016853932584269662 0.02493765586034913
0 0.23220973782771537 0.5461346633416458 0.0018726591760299626 0.004987531172069825
0 0.5149812734082397 0.5660847880299252 0.0056179775280898875 0.012468827930174564
0 0.26591760299625467 0.8129675810473815 0.016853932584269662 0.02493765586034913
0 0.5262172284644194 0.7256857855361596 0.011235955056179775 0.017456359102244388
0 0.3052434456928839 0.5586034912718204 0.0056179775280898875 0.012468827930174564
0 0.651685393258427 0.8478802992518704 0.016853932584269662 0.02493765586034913
0 0.653558052434457 0.9600997506234414 0.016853932584269662 0.02493765586034913
0 0.5936329588014981 0.8379052369077307 0.016853932584269662 0.02493765586034913
0 0.13857677902621723 0.9301745635910225 0.016853932584269662 0.02493765586034913
0 0.4700374531835206 0.6733167082294265 0.0056179775280898875 0.012468827930174564
0 0.5149812734082397 0.5835411471321695 0.0056179775280898875 0.012468827930174564
0 0.5543071161048689 0.7880299251870324 0.016853932584269662 0.02493765586034913
0 0.5318352059925093 0.600997506234414 0.0056179775280898875 0.012468827930174564
0 0.6048689138576779 0.7755610972568578 0.016853932584269662 0.02493765586034913
0 0.3408239700374532 0.5835411471321695 0.0056179775280898875 0.012468827930174564
0 0.7265917602996255 0.6683291770573566 0.00749063670411985 0.012468827930174564
0 0.3052434456928839 0.683291770573566 0.0056179775280898875 0.012468827930174564
0 0.3838951310861423 0.6807980049875312 0.0056179775280898875 0.012468827930174564
0 0.6142322097378277 0.8778054862842892 0.016853932584269662 0.02493765586034913
0 0.44569288389513106 0.6907730673316709 0.0056179775280898875 0.012468827930174564
0 0.25280898876404495 0.6533665835411472 0.0056179775280898875 0.012468827930174564
0 0.3970037453183521 0.5810473815461347 0.0056179775280898875 0.012468827930174564
0 0.50187265917603 0.6583541147132169 0.0056179775280898875 0.012468827930174564
0 0.35580524344569286 0.6234413965087282 0.0056179775280898875 0.012468827930174564
0 0.09550561797752809 0.9451371571072319 0.016853932584269662 0.02493765586034913
0 0.08801498127340825 0.6184538653366584 0.0056179775280898875 0.012468827930174564
0 0.44756554307116103 0.6034912718204489 0.0056179775280898875 0.012468827930174564
0 0.41947565543071164 0.7531172069825436 0.016853932584269662 0.02493765586034913
0 0.2397003745318352 0.6633416458852868 0.0056179775280898875 0.012468827930174564
0 0.3464419475655431 0.5685785536159601 0.0056179775280898875 0.012468827930174564
0 0.15730337078651685 0.6733167082294265 0.0056179775280898875 0.012468827930174564
0 0.07677902621722846 0.6758104738154613 0.0056179775280898875 0.012468827930174564
0 0.14606741573033707 0.683291770573566 0.0056179775280898875 0.012468827930174564
0 0.6441947565543071 0.8379052369077307 0.016853932584269662 0.02493765586034913
0 0.31647940074906367 0.5910224438902744 0.0056179775280898875 0.012468827930174564
0 0.21910112359550563 0.6034912718204489 0.0056179775280898875 0.012468827930174564
0 0.20224719101123595 0.6608478802992519 0.0056179775280898875 0.012468827930174564
0 0.4812734082397004 0.6533665835411472 0.0056179775280898875 0.012468827930174564
0 0.4307116104868914 0.6608478802992519 0.0056179775280898875 0.012468827930174564
0 0.4344569288389513 0.8478802992518704 0.016853932584269662 0.02493765586034913
0 0.4794007490636704 0.6334164588528678 0.0056179775280898875 0.012468827930174564
0 0.602996254681648 0.8703241895261845 0.016853932584269662 0.02493765586034913
0 0.6853932584269663 0.9750623441396509 0.016853932584269662 0.02493765586034913
0 0.07303370786516854 0.9052369077306733 0.016853932584269662 0.02493765586034913
0 0.44569288389513106 0.6159600997506235 0.0056179775280898875 0.012468827930174564
0 0.5880149812734082 0.8204488778054863 0.016853932584269662 0.02493765586034913
0 0.32771535580524347 0.5610972568578554 0.0056179775280898875 0.012468827930174564
0 0.5131086142322098 0.5411471321695761 0.003745318352059925 0.007481296758104738
0 0.30337078651685395 0.5910224438902744 0.0056179775280898875 0.012468827930174564
0 0.2565543071161049 0.683291770573566 0.0056179775280898875 0.012468827930174564
0 0.5093632958801498 0.6134663341645885 0.0056179775280898875 0.012468827930174564
0 0.4868913857677903 0.6159600997506235 0.0056179775280898875 0.012468827930174564
0 0.27902621722846443 0.8329177057356608 0.016853932584269662 0.02493765586034913
0 0.5337078651685393 0.970074812967581 0.016853932584269662 0.02493765586034913
0 0.31086142322097376 0.7107231920199502 0.0056179775280898875 0.012468827930174564
0 0.4232209737827715 0.5935162094763092 0.0056179775280898875 0.012468827930174564
0 0.5561797752808989 0.7007481296758105 0.0056179775280898875 0.012468827930174564
0 0.18352059925093633 0.8029925187032418 0.016853932584269662 0.02493765586034913
0 0.06367041198501873 0.6384039900249376 0.0056179775280898875 0.012468827930174564
0 0.33707865168539325 0.7456359102244389 0.016853932584269662 0.02493765586034913
0 0.23220973782771537 0.6408977556109726 0.0056179775280898875 0.012468827930174564
0 0.49812734082397003 0.683291770573566 0.0056179775280898875 0.012468827930174564
0 0.3707865168539326 0.6309226932668329 0.0056179775280898875 0.012468827930174564
0 0.1704119850187266 0.713216957605985 0.0056179775280898875 0.012468827930174564
0 0.17228464419475656 0.7805486284289277 0.016853932584269662 0.02493765586034913