0 0.5625 0.40444444444444444 0.00625 0.006666666666666667
0 0.01875 0.45555555555555555 0.00875 0.008888888888888889
0 0.08 0.48444444444444446 0.0125 0.017777777777777778
0 0.15 0.7622222222222222 0.03375 0.07111111111111111
0 0.9 0.41333333333333333 0.005 0.0022222222222222222
0 0.55875 0.5222222222222223 0.0225 0.051111111111111114
0 0.10625 0.7222222222222222 0.03375 0.07111111111111111
0 0.165 0.8311111111111111 0.0625 0.11333333333333333
0 0.39125 0.5955555555555555 0.0225 0.051111111111111114
0 0.00875 0.4488888888888889 0.00875 0.008888888888888889
0 0.87125 0.4 0.005 0.0022222222222222222
0 0.1125 0.5622222222222222 0.0225 0.04
0 0.12375 0.6511111111111111 0.0225 0.04
0 0.415 0.5511111111111111 0.0225 0.051111111111111114
0 0.1125 0.5977777777777777 0.0225 0.04
0 0.9425 0.3977777777777778 0.005 0.0022222222222222222
0 0.6775 0.5755555555555556 0.0375 0.057777777777777775
0 0.73375 0.6933333333333334 0.0575 0.12222222222222222
0 0.52 0.48444444444444446 0.0225 0.051111111111111114
0 0.08625 0.5222222222222223 0.0225 0.04