0 0.5831987075928917 0.30024213075060535 0.03715670436187399 0.07506053268765134
0 0.32794830371567046 0.17191283292978207 0.025848142164781908 0.06295399515738499
0 0.09369951534733441 0.010895883777239709 0.01938610662358643 0.021791767554479417
0 0.30210016155088854 0.36319612590799033 0.08723747980613894 0.20823244552058112
0 0.0420032310177706 0.07021791767554479 0.024232633279483037 0.05569007263922518
0 0.1567043618739903 0.18401937046004843 0.05492730210016155 0.11138014527845036
0 0.5993537964458805 0.2324455205811138 0.025848142164781908 0.03389830508474576
0 0.2875605815831987 0.17191283292978207 0.05492730210016155 0.11138014527845036
0 0.24878836833602586 0.03389830508474576 0.01938610662358643 0.048426150121065374
0 0.39579967689822293 0.05084745762711865 0.025848142164781908 0.04116222760290557
0 0.505654281098546 0.19128329297820823 0.022617124394184167 0.07506053268765134
0 0.7512116316639742 0.18886198547215496 0.008077544426494346 0.01937046004842615
0 0.6106623586429726 0.29782082324455206 0.03715670436187399 0.07506053268765134
0 0.864297253634895 0.18159806295399517 0.04038772213247173 0.0847457627118644
0 0.42326332794830374 0.288135593220339 0.08723747980613894 0.20823244552058112
0 0.7318255250403877 0.19128329297820823 0.025848142164781908 0.031476997578692496
0 0.8998384491114702 0.21549636803874092 0.01615508885298869 0.04116222760290557
0 0.7738287560581584 0.22518159806295399 0.008077544426494346 0.01937046004842615
0 0.10823909531502424 0.08958837772397095 0.024232633279483037 0.05569007263922518
0 0.7495961227786753 0.22033898305084745 0.008077544426494346 0.01937046004842615
0 0.4717285945072698 0.22033898305084745 0.022617124394184167 0.07506053268765134
0 0.778675282714055 0.1937046004842615 0.008077544426494346 0.01937046004842615