0 0.36 0.45 0.051666666666666666 0.085
0 0.0008583333333333333 0.00245625 0.00021944444444444434 0.00045624999999999973
0 0.5816666666666667 0.7525 0.09166666666666666 0.205
0 0.4266666666666667 0.6925 0.07333333333333333 0.125
0 0.8166666666666667 0.3975 0.041666666666666664 0.085
0 0.045 0.9325 0.07333333333333333 0.125
0 0.7783333333333333 0.6375 0.09166666666666666 0.205
0 0.8566666666666667 0.4225 0.041666666666666664 0.085
0 0.001275 0.00248125 0.0002611111111111112 0.0005437500000000001
0 0.165 0.4525 0.051666666666666666 0.085
0 0.745 0.3475 0.041666666666666664 0.085
0 0.19333333333333333 0.3925 0.051666666666666666 0.085
0 0.6666666666666666 0.4375 0.041666666666666664 0.085
0 0.06833333333333333 0.335 0.051666666666666666 0.085
0 0.22833333333333333 0.3975 0.051666666666666666 0.085
0 0.14833333333333334 0.6875 0.07333333333333333 0.125
0 0.7133333333333334 0.725 0.09166666666666666 0.205
0 0.0016388888888888887 0.001875 0.0001527777777777776 0.0005125000000000002
0 0.69 0.62 0.09166666666666666 0.205
0 0.26666666666666666 0.41 0.051666666666666666 0.085