0 0.18 0.3125 0.043333333333333335 0.07375
0 0.25833333333333336 0.81625 0.043333333333333335 0.07375
0 0.41333333333333333 0.3975 0.043333333333333335 0.07375
0 0.925 0.2025 0.043333333333333335 0.07375
0 0.8358333333333333 0.2225 0.043333333333333335 0.07375
0 0.17666666666666667 0.96125 0.043333333333333335 0.07375
0 0.5975 0.63 0.043333333333333335 0.07375
0 0.5241666666666667 0.36375 0.043333333333333335 0.07375
0 0.25 0.5475 0.043333333333333335 0.07375
0 0.0005194444444444444 0.001259375 0.000036111111111111204 0.00009218749999999998
0 0.6375 0.036875 0.043333333333333335 0.07375
0 0.00042777777777777774 0.0012359375 0.00003611111111111107 0.00009218749999999998
0 0.8525 0.62125 0.043333333333333335 0.07375
0 0.4683333333333333 0.19375 0.043333333333333335 0.07375
0 0.4083333333333333 0.0275 0.043333333333333335 0.055
0 0.37083333333333335 0.7725 0.043333333333333335 0.07375
0 0.7583333333333333 0.35375 0.043333333333333335 0.07375
0 0.3675 0.035625 0.043333333333333335 0.07125
0 0.5808333333333333 0.245 0.043333333333333335 0.07375
0 0.7566666666666667 0.59875 0.043333333333333335 0.07375
0 0.01 0.78875 0.02 0.05125
0 0.035 0.5225 0.043333333333333335 0.07375
0 0.8058333333333333 0.825 0.043333333333333335 0.07375
0 0.20333333333333334 0.024375 0.043333333333333335 0.04875
0 0.08416666666666667 0.035 0.043333333333333335 0.07
0 0.1525 0.5425 0.043333333333333335 0.07375
0 0.8666666666666667 0.3975 0.043333333333333335 0.07375
0 0.5208333333333334 0.025 0.043333333333333335 0.05
0 0.4675 0.03375 0.043333333333333335 0.0675
0 0.295 0.033125 0.043333333333333335 0.06625
0 0.3408333333333333 0.3575 0.043333333333333335 0.07375
0 0.37083333333333335 0.19875 0.043333333333333335 0.07375
0 0.015416666666666667 0.74 0.030833333333333334 0.07375
0 0.33916666666666667 0.56125 0.043333333333333335 0.07375
0 0.8066666666666666 0.08375 0.043333333333333335 0.07375
0 0.12833333333333333 0.7775 0.043333333333333335 0.07375
0 0.7016666666666667 0.22 0.043333333333333335 0.07375
0 0.7625 0.105 0.043333333333333335 0.07375
0 0.9208333333333333 0.05875 0.043333333333333335 0.07375
0 0.0675 0.275 0.043333333333333335 0.07375
0 0.46166666666666667 0.575 0.043333333333333335 0.07375
0 0.8775 0.4025 0.043333333333333335 0.07375
0 0.29 0.18125 0.043333333333333335 0.07375
0 0.0006159722222222222 0.0012515625 0.00003611111111111102 0.00009218749999999998
0 0.645 0.36 0.043333333333333335 0.07375