0 0.7525 0.462406015037594 0.025 0.06015037593984962
0 0.8325 0.2556390977443609 0.0075 0.015037593984962405
0 0.3975 0.45112781954887216 0.025 0.06015037593984962
0 0.7075 0.3007518796992481 0.0075 0.015037593984962405
0 0.8 0.518796992481203 0.025 0.06015037593984962
0 0.725 0.3082706766917293 0.0075 0.015037593984962405
0 0.9575 0.3684210526315789 0.025 0.06015037593984962
0 0.9425 0.2819548872180451 0.0075 0.015037593984962405
0 0.3975 0.36466165413533835 0.025 0.06015037593984962
0 0.845 0.24812030075187969 0.0025 0.0037593984962406013
0 0.495 0.31954887218045114 0.0025 0.0037593984962406013
0 0.685 0.2894736842105263 0.0075 0.015037593984962405
0 0.9225 0.2631578947368421 0.0075 0.015037593984962405
0 0.5675 0.39097744360902253 0.025 0.06015037593984962
0 0.88 0.2894736842105263 0.0075 0.015037593984962405
0 0.54 0.3233082706766917 0.0025 0.0037593984962406013
0 0.88 0.4849624060150376 0.025 0.06015037593984962
0 0.84 0.30451127819548873 0.0075 0.015037593984962405
0 0.9625 0.2631578947368421 0.0075 0.015037593984962405
0 0.185 0.39097744360902253 0.025 0.06015037593984962
0 0.46 0.3308270676691729 0.025 0.06015037593984962
0 0.83 0.2857142857142857 0.0075 0.015037593984962405
0 0.9225 0.3007518796992481 0.0075 0.015037593984962405
0 0.765 0.2631578947368421 0.0075 0.015037593984962405
0 0.67 0.34210526315789475 0.025 0.06015037593984962
0 0.0175 0.6466165413533834 0.035 0.08270676691729323
0 0.43 0.4924812030075188 0.025 0.06015037593984962
0 0.545 0.2857142857142857 0.0075 0.015037593984962405
0 0.97375 0.6992481203007519 0.0525 0.08270676691729323
0 0.74 0.2631578947368421 0.0075 0.015037593984962405
0 0.7275 0.24812030075187969 0.0025 0.0037593984962406013
0 0.645 0.24812030075187969 0.0025 0.0037593984962406013
0 0.905 0.24812030075187969 0.0025 0.0037593984962406013
0 0.2025 0.36466165413533835 0.025 0.06015037593984962
0 0.8725 0.2744360902255639 0.0075 0.015037593984962405
0 0.425 0.37218045112781956 0.025 0.06015037593984962
0 0.0008312500000000001 0.0036604669568658494 0.00013124999999999996 0.0003109276951777943
0 0.51 0.6203007518796992 0.0525 0.08270676691729323
0 0.6875 0.2631578947368421 0.0075 0.015037593984962405
0 0.51 0.34210526315789475 0.025 0.06015037593984962
0 0.57 0.31203007518796994 0.0075 0.015037593984962405
0 0.6925 0.3082706766917293 0.0075 0.015037593984962405
0 0.9 0.3007518796992481 0.0075 0.015037593984962405
0 0.7275 0.2556390977443609 0.0075 0.015037593984962405
0 0.6925 0.46616541353383456 0.025 0.06015037593984962
0 0.785 0.2556390977443609 0.0075 0.015037593984962405
0 0.725 0.37593984962406013 0.025 0.06015037593984962
0 0.645 0.38345864661654133 0.025 0.06015037593984962
0 0.955 0.3007518796992481 0.0075 0.015037593984962405
0 0.745 0.2857142857142857 0.0075 0.015037593984962405
0 0.9375 0.2631578947368421 0.0075 0.015037593984962405
0 0.5575 0.44360902255639095 0.025 0.06015037593984962
0 0.335 0.6616541353383458 0.0525 0.08270676691729323
0 0.000375 0.003745265419187066 0.00013124999999999996 0.0003109276951777943
0 0.7425 0.2518796992481203 0.0025 0.0037593984962406013
0 0.605 0.3383458646616541 0.025 0.06015037593984962
0 0.855 0.2518796992481203 0.0025 0.0037593984962406013
0 0.565 0.2631578947368421 0.0075 0.015037593984962405
0 0.7075 0.2744360902255639 0.0075 0.015037593984962405
0 0.615 0.48120300751879697 0.025 0.06015037593984962
0 0.5725 0.24812030075187969 0.0025 0.0037593984962406013
0 0.845 0.2744360902255639 0.0075 0.015037593984962405
0 0.4675 0.42857142857142855 0.025 0.06015037593984962
0 0.495 0.4473684210526316 0.025 0.06015037593984962
0 0.865 0.34962406015037595 0.025 0.06015037593984962
0 0.76 0.35714285714285715 0.025 0.06015037593984962
0 0.795 0.35714285714285715 0.025 0.06015037593984962
0 0.000725 0.003745265419187066 0.00013124999999999996 0.0003109276951777943
0 0.33 0.4473684210526316 0.025 0.06015037593984962
0 0.595 0.45864661654135336 0.025 0.06015037593984962
0 0.87 0.2556390977443609 0.0075 0.015037593984962405
0 0.9425 0.3383458646616541 0.025 0.06015037593984962
0 0.545 0.34962406015037595 0.025 0.06015037593984962
0 0.46 0.3533834586466165 0.025 0.06015037593984962
0 0.72 0.2669172932330827 0.0075 0.015037593984962405
0 0.08 0.6466165413533834 0.0525 0.08270676691729323
0 0.7075 0.3684210526315789 0.025 0.06015037593984962
0 0.635 0.5413533834586466 0.025 0.06015037593984962
0 0.7775 0.3007518796992481 0.0075 0.015037593984962405
0 0.6925 0.2706766917293233 0.0075 0.015037593984962405
0 0.565 0.2744360902255639 0.0075 0.015037593984962405
0 0.72 0.2744360902255639 0.0075 0.015037593984962405
0 0.2575 0.5789473684210527 0.0525 0.08270676691729323
0 0.87 0.41353383458646614 0.025 0.06015037593984962
0 0.895 0.2669172932330827 0.0075 0.015037593984962405
0 0.805 0.31954887218045114 0.025 0.06015037593984962
0 0.715 0.42105263157894735 0.025 0.06015037593984962
0 0.001475 0.0036604669568658494 0.00013124999999999996 0.0003109276951777943
0 0.67 0.24812030075187969 0.0025 0.0037593984962406013
0 0.6175 0.24812030075187969 0.0025 0.0037593984962406013
0 0.0011875 0.0036039346486517044 0.00020000000000000004 0.0004946576968737637
0 0.895 0.34962406015037595 0.025 0.06015037593984962