0 0.0771484375 0.457162440027416 0.07373046875 0.1295407813570939
0 0.69091796875 0.3968471555860178 0.07373046875 0.1295407813570939
0 0.25537109375 0.157642220699109 0.07373046875 0.1295407813570939
0 0.80126953125 0.16038382453735436 0.07373046875 0.1295407813570939
0 0.57763671875 0.1501028101439342 0.07373046875 0.1295407813570939
0 0.29052734375 0.45099383139136395 0.07373046875 0.1295407813570939
0 0.5986328125 0.3427004797806717 0.07373046875 0.1295407813570939
0 0.27197265625 0.05791638108293352 0.05029296875 0.11583276216586703
0 0.51416015625 0.11583276216586703 0.07373046875 0.1295407813570939
0 0.00048613548278808594 0.00013435549995513652 0.00003600120544433594 0.00008878737584447833
0 0.16845703125 0.113776559287183 0.07373046875 0.1295407813570939
0 0.015869140625 0.05277587388622344 0.03173828125 0.10555174777244689
0 0.861328125 0.4393420150788211 0.07373046875 0.1295407813570939
0 0.44091796875 0.33584647018505825 0.1015625 0.13639479095270735
0 0.345703125 0.13982179575051404 0.07373046875 0.1295407813570939