0 0.0575 0.53125 0.035 0.0625
0 0.7375 0.8169642857142857 0.035 0.09375
0 0.93 0.6205357142857143 0.025 0.0625
0 0.045 0.5267857142857143 0.035 0.0625
0 0.7175 0.8928571428571429 0.035 0.09375
0 0.215 0.5535714285714286 0.0325 0.06696428571428571
0 0.00025 0.00444435586734694 0.00008125 0.00041852678571428623
0 0.11 0.5357142857142857 0.035 0.0625
0 0.1925 0.8883928571428571 0.0375 0.09821428571428571
0 0.175 0.8392857142857143 0.03 0.08928571428571429
0 0.31 0.9375 0.0375 0.09821428571428571
0 0.79 0.9464285714285714 0.045 0.08928571428571429
0 0.9725 0.6026785714285714 0.025 0.0625
0 0.8275 0.7678571428571429 0.03 0.08035714285714286
0 0.0017625 0.004364636479591837 0.00010000000000000009 0.00043845663265306117
0 0.1875 0.6428571428571429 0.035 0.0625
0 0.0925 0.6696428571428571 0.035 0.0625
0 0.865 0.5848214285714286 0.025 0.0625
0 0.545 0.8616071428571429 0.035 0.09375
0 0.1475 0.9508928571428571 0.0375 0.09821428571428571
0 0.655 0.8258928571428571 0.035 0.09375
0 0.0001 0.004384566326530612 0.00008750000000000001 0.00037866709183673484
0 0.00140625 0.004404496173469387 0.0000874999999999998 0.0004185267857142852
0 0.0023875 0.004304846938775511 0.00013749999999999985 0.000498246173469388
0 0.805 0.6607142857142857 0.025 0.0625
0 0.0016 0.004404496173469388 0.00010000000000000009 0.00043845663265306166
0 0.9025 0.9107142857142857 0.055 0.11160714285714286
0 0.69 0.8169642857142857 0.035 0.09375
0 0.0175 0.6339285714285714 0.035 0.0625
0 0.1325 0.7142857142857143 0.035 0.0625
0 0.055 0.7053571428571429 0.035 0.0625
0 0.3825 0.8080357142857143 0.03 0.08928571428571429
0 0.415 0.6339285714285714 0.0275 0.07142857142857142
0 0.4725 0.6517857142857143 0.0425 0.10267857142857142
0 0.345 0.8125 0.03 0.08928571428571429
0 0.8225 0.8169642857142857 0.03 0.08035714285714286
0 0.5125 0.5848214285714286 0.0275 0.07142857142857142
0 0.3 0.7544642857142857 0.03 0.08928571428571429
0 0.9125 0.6026785714285714 0.025 0.0625
0 0.165 0.78125 0.03 0.08928571428571429
0 0.315 0.6919642857142857 0.0275 0.07142857142857142
0 0.2425 0.8125 0.03 0.08928571428571429
0 0.7875 0.6785714285714286 0.025 0.0625
0 0.0225 0.5803571428571429 0.035 0.0625
0 0.77 0.7589285714285714 0.03 0.08035714285714286
0 0.085 0.625 0.035 0.0625
0 0.0675 0.5625 0.035 0.0625
0 0.7975 0.7857142857142857 0.03 0.08035714285714286
0 0.185 0.5982142857142857 0.035 0.0625
0 0.6625 0.8973214285714286 0.035 0.09375
0 0.3825 0.8883928571428571 0.0375 0.09821428571428571
0 0.23 0.7678571428571429 0.03 0.08928571428571429
0 0.83 0.8571428571428571 0.03 0.08035714285714286
0 0.000043750000000000006 0.004464285714285714 0.00008750000000000001 0.00037866709183673436
0 0.75 0.7366071428571429 0.03 0.08035714285714286
0 0.5875 0.5401785714285714 0.035 0.08928571428571429
0 0.7975 0.6383928571428571 0.025 0.0625
0 0.00211875 0.00434470663265306 0.00010624999999999995 0.0004185267857142852
0 0.6075 0.9330357142857143 0.04 0.09821428571428571
0 0.0575 0.6383928571428571 0.035 0.0625
0 0.0325 0.6696428571428571 0.035 0.0625
0 0.93 0.7366071428571429 0.025 0.0625
0 0.00048125 0.004344706632653061 0.00007500000000000006 0.0003985969387755098
0 0.06 0.5848214285714286 0.035 0.0625
0 0.625 0.8125 0.035 0.09375
0 0.8875 0.5982142857142857 0.025 0.0625
0 0.04 0.9017857142857143 0.0375 0.09821428571428571
0 0.145 0.5223214285714286 0.035 0.0625
0 0.0425 0.6383928571428571 0.035 0.0625
0 0.84 0.5803571428571429 0.025 0.0625
0 0.00060625 0.004384566326530613 0.00008124999999999993 0.00041852678571428623
0 0.01375 0.6741071428571429 0.0275 0.0625