0 0.20694444444444443 0.06041666666666667 0.09027777777777778 0.12083333333333333
0 0.2875 0.09166666666666666 0.09027777777777778 0.1625
0 0.0010474537037037037 0.001974826388888889 0.00023533950617283958 0.0006727430555555557
0 0.15694444444444444 0.042708333333333334 0.09444444444444444 0.08541666666666667
0 0.525 0.14791666666666667 0.09027777777777778 0.1625
0 0.0013194444444444445 0.0017447916666666666 0.00023533950617283945 0.0006727430555555557
0 0.4444444444444444 0.17291666666666666 0.09027777777777778 0.1625
0 0.0013425925925925925 0.0007942708333333332 0.00016203703703703692 0.0004557291666666667
0 0.9111111111111111 0.053125 0.10972222222222222 0.10625
0 0.175 0.6229166666666667 0.11666666666666667 0.1875
0 0.11527777777777778 0.11458333333333333 0.09027777777777778 0.1625
0 0.025 0.06145833333333333 0.05 0.12291666666666666
0 0.8069444444444445 0.3625 0.11666666666666667 0.21875
0 0.3680555555555556 0.3458333333333333 0.11666666666666667 0.21875
0 0.5430555555555555 0.3333333333333333 0.11666666666666667 0.21875
0 0.4486111111111111 0.70625 0.16944444444444445 0.3229166666666667
0 0.8111111111111111 0.14375 0.09027777777777778 0.1625
0 0.6069444444444444 0.83125 0.16944444444444445 0.3229166666666667
0 0.00022569444444444446 0.0018229166666666667 0.00023533950617283953 0.0006727430555555554
0 0.14027777777777778 0.34375 0.11666666666666667 0.21875
0 0.0013406635802469136 0.002026909722222222 0.00023533950617283958 0.0006727430555555554
0 0.6930555555555555 0.052083333333333336 0.10277777777777777 0.10416666666666667
0 0.03333333333333333 0.29791666666666666 0.06666666666666667 0.12916666666666668
0 0.0004996141975308642 0.0018880208333333333 0.00023533950617283945 0.0006727430555555554