0 0.841 0.6132930513595166 0.097 0.18731117824773413
0 0.213 0.7492447129909365 0.249 0.3580060422960725
0 0.0775 0.8202416918429003 0.155 0.3580060422960725
0 0.48 0.595166163141994 0.097 0.18731117824773413
0 0.598 0.6404833836858006 0.097 0.18731117824773413
0 0.103 0.4003021148036254 0.06 0.11027190332326284
0 0.48 0.6963746223564955 0.097 0.18731117824773413
0 0.000533 0.001309772638073767 0.0002489999999999999 0.0005407946258248828
0 0.000844 0.0013052089703452874 0.00024899999999999987 0.0005407946258248831
0 0.657 0.4516616314199396 0.06 0.11027190332326284
0 0.819 0.4622356495468278 0.06 0.11027190332326284
0 0.0475 0.5 0.095 0.17371601208459214
0 0.099 0.6163141993957704 0.097 0.18731117824773413
0 0.08 0.30513595166163143 0.032 0.04078549848942598
0 0.414 0.525679758308157 0.06 0.11027190332326284
0 0.734 0.5030211480362538 0.06 0.11027190332326284
0 0.711 0.6329305135951662 0.097 0.18731117824773413
0 0.218 0.4637462235649547 0.06 0.11027190332326284