0 0.39114583333333336 0.049074074074074076 0.06145833333333333 0.09814814814814815
0 0.7859375 0.06296296296296296 0.021875 0.06296296296296296
0 0.7572916666666667 0.37592592592592594 0.078125 0.1648148148148148
0 0.2296875 0.11666666666666667 0.05625 0.14074074074074075
0 0.026041666666666668 0.07407407407407407 0.052083333333333336 0.14814814814814814
0 0.5401041666666667 0.08888888888888889 0.029166666666666667 0.05740740740740741
0 0.30364583333333334 0.11203703703703703 0.05625 0.14074074074074075
0 0.9572916666666667 0.027777777777777776 0.021875 0.05555555555555555
0 0.6161458333333333 0.17407407407407408 0.029166666666666667 0.05740740740740741
0 0.5682291666666667 0.25462962962962965 0.078125 0.1648148148148148
0 0.4171875 0.24074074074074073 0.078125 0.1648148148148148
0 0.15260416666666668 0.2777777777777778 0.078125 0.1648148148148148
0 0.020052083333333335 0.25277777777777777 0.04010416666666667 0.1527777777777778
0 0.3619791666666667 0.23703703703703705 0.078125 0.1648148148148148
0 0.8796875 0.225 0.078125 0.1648148148148148
0 0.8145833333333333 0.05740740740740741 0.021875 0.06296296296296296
0 0.6984375 0.16296296296296298 0.026041666666666668 0.05740740740740741
0 0.9182291666666667 0.09814814814814815 0.05625 0.10277777777777777
0 0.4088541666666667 0.32222222222222224 0.078125 0.1648148148148148
0 0.35520833333333335 0.12962962962962962 0.05625 0.14074074074074075
0 0.4828125 0.25555555555555554 0.078125 0.1648148148148148
0 0.0796875 0.22685185185185186 0.078125 0.1648148148148148
0 0.10520833333333333 0.32407407407407407 0.078125 0.1648148148148148
0 0.12864583333333332 0.1287037037037037 0.05625 0.14074074074074075
0 0.6416666666666667 0.03611111111111111 0.023958333333333335 0.05648148148148148
0 0.29010416666666666 0.21481481481481482 0.078125 0.1648148148148148
0 0.4296875 0.1537037037037037 0.05625 0.14074074074074075
0 0.740625 0.25092592592592594 0.078125 0.1648148148148148
0 0.5791666666666667 0.3212962962962963 0.078125 0.1648148148148148
0 0.32708333333333334 0.0625 0.05625 0.125
0 0.18020833333333333 0.14537037037037037 0.05625 0.14074074074074075
0 0.5546875 0.01990740740740741 0.023958333333333335 0.03981481481481482
0 0.7489583333333333 0.031018518518518518 0.021875 0.062037037037037036
0 0.60625 0.09814814814814815 0.029166666666666667 0.05740740740740741
0 0.10052083333333334 0.04861111111111111 0.0671875 0.09722222222222222
0 0.5359375 0.29259259259259257 0.078125 0.1648148148148148
0 0.46770833333333334 0.050462962962962966 0.052083333333333336 0.10092592592592593
0 0.2296875 0.2388888888888889 0.078125 0.1648148148148148
0 0.0005183919270833334 0.00028377914951989024 0.000030381944444444393 0.00011402606310013714
0 0.6369791666666667 0.524074074074074 0.078125 0.1648148148148148
0 0.7385416666666667 0.12314814814814815 0.020833333333333332 0.044444444444444446
0 0.8270833333333333 0.3453703703703704 0.078125 0.1648148148148148
0 0.5286458333333334 0.8231481481481482 0.07708333333333334 0.18055555555555555
0 0.9731770833333333 0.2101851851851852 0.05364583333333333 0.10277777777777777
0 0.84375 0.12962962962962962 0.05625 0.10277777777777777