0 0.02694610778443114 0.951935914552737 0.05389221556886228 0.08411214953271028
0 0.47005988023952094 0.6769025367156208 0.058383233532934134 0.11081441922563418
0 0.782185628742515 0.0514018691588785 0.06511976047904192 0.102803738317757
0 0.5860778443113772 0.4259012016021362 0.06511976047904192 0.10947930574098798
0 0.8488023952095808 0.6809078771695594 0.058383233532934134 0.11081441922563418
0 0.532185628742515 0.06275033377837116 0.020209580838323353 0.0267022696929239
0 0.656437125748503 0.06275033377837116 0.020209580838323353 0.0267022696929239
0 0.7687125748502994 0.7703604806408545 0.058383233532934134 0.11081441922563418
0 0.5269461077844312 0.9172229639519359 0.058383233532934134 0.11081441922563418
0 0.0748502994011976 0.7142857142857143 0.05089820359281437 0.1054739652870494
0 0.6474550898203593 0.09879839786381843 0.06511976047904192 0.10947930574098798
0 0.5913173652694611 0.8664886515353805 0.058383233532934134 0.11081441922563418
0 0.0007451414536197067 0.0006791431744328441 0.00004874233568790569 0.0001461672973844966
0 0.9535928143712575 0.08811748998664887 0.06511976047904192 0.10947930574098798
0 0.40793413173652693 0.2643524699599466 0.06511976047904192 0.10947930574098798
0 0.75 0.9092122830440588 0.058383233532934134 0.11081441922563418
0 0.020958083832335328 0.0053404539385847796 0.041916167664670656 0.004005340453938585
0 0.27245508982035926 0.43658210947930576 0.06511976047904192 0.10947930574098798
0 0.719311377245509 0.6809078771695594 0.058383233532934134 0.11081441922563418
0 0.967814371257485 0.7436582109479306 0.058383233532934134 0.11081441922563418
0 0.844311377245509 0.5567423230974633 0.06511976047904192 0.10947930574098798
0 0.5142215568862275 0.7810413885180241 0.058383233532934134 0.11081441922563418
0 0.312125748502994 0.951935914552737 0.07934131736526946 0.08411214953271028
0 0.7904191616766467 0.09345794392523364 0.06511976047904192 0.10947930574098798
0 0.2964071856287425 0.16688918558077437 0.06511976047904192 0.10947930574098798
0 0.5965568862275449 0.6728971962616822 0.058383233532934134 0.11081441922563418
0 0.12125748502994012 0.9479305740987984 0.07934131736526946 0.08411214953271028
0 0.020209580838323353 0.5634178905206942 0.040419161676646706 0.1054739652870494
0 0.6953592814371258 0.009345794392523364 0.020209580838323353 0.018691588785046728
0 0.26497005988023953 0.7009345794392523 0.05089820359281437 0.1054739652870494
0 0.7365269461077845 0.30440587449933243 0.06511976047904192 0.10947930574098798
0 0.6347305389221557 0.40186915887850466 0.06511976047904192 0.10947930574098798
0 0.5576347305389222 0.205607476635514 0.06511976047904192 0.10947930574098798
0 0.6916167664670658 0.17890520694259013 0.06511976047904192 0.10947930574098798
0 0.9723053892215568 0.8584779706275033 0.05538922155688623 0.11081441922563418
0 0.5044910179640718 0.011348464619492658 0.020209580838323353 0.022696929238985315
0 0.17365269461077845 0.3324432576769025 0.05089820359281437 0.1054739652870494
0 0.0007389786295672129 0.0012620298359539467 0.00004370002509950163 0.00014794982540138074
0 0.9041916167664671 0.46461949265687585 0.06511976047904192 0.10947930574098798
0 0.0007316952920506293 0.0003957212197482714 0.00004874233568790569 0.0001461672973844966
0 0.530688622754491 0.08277703604806408 0.06511976047904192 0.10947930574098798
0 0.10104790419161677 0.3978638184245661 0.05089820359281437 0.1054739652870494
0 0.1691616766467066 0.6194926568758344 0.05089820359281437 0.1054739652870494
0 0.39895209580838326 0.8758344459279038 0.058383233532934134 0.11081441922563418
0 0.5074850299401198 0.57543391188251 0.06511976047904192 0.10947930574098798
0 0.46182634730538924 0.37917222963951935 0.06511976047904192 0.10947930574098798
0 0.11901197604790419 0.822429906542056 0.05089820359281437 0.1054739652870494