0 0.7446153846153846 0.5534246575342465 0.10615384615384615 0.32602739726027397
0 0.02846153846153846 0.4246575342465753 0.05692307692307692 0.20273972602739726
0 0.0014863905325443786 0.002829799211859636 0.00014201183431952682 0.0007280915744042032
0 0.3153846153846154 0.3698630136986301 0.07846153846153846 0.20821917808219179
0 0.09846153846153846 0.12876712328767123 0.07384615384615385 0.15616438356164383
0 0.3292307692307692 0.10410958904109589 0.07384615384615385 0.15616438356164383
0 0.6476923076923077 0.40273972602739727 0.07846153846153846 0.20821917808219179
0 0.48923076923076925 0.336986301369863 0.07846153846153846 0.20821917808219179
0 0.6430769230769231 0.8136986301369863 0.10615384615384615 0.32602739726027397
0 0.4907692307692308 0.04657534246575343 0.07384615384615385 0.09315068493150686
0 0.8384615384615385 0.3232876712328767 0.08307692307692308 0.21095890410958903
0 0.025384615384615384 0.28493150684931506 0.05076923076923077 0.20821917808219179
0 0.43846153846153846 0.5808219178082191 0.10615384615384615 0.32602739726027397
0 0.66 0.1726027397260274 0.07384615384615385 0.15616438356164383
0 0.0015053254437869823 0.0012385062863576653 0.00012071005917159747 0.0005704635015950459
0 0.12307692307692308 0.5534246575342465 0.07538461538461538 0.18082191780821918
0 0.22153846153846155 0.7945205479452054 0.10615384615384615 0.32602739726027397
0 0.6938461538461539 0.07397260273972603 0.07384615384615385 0.14794520547945206
0 0.9523076923076923 0.26301369863013696 0.07846153846153846 0.20821917808219179
0 0.8215384615384616 0.07808219178082192 0.07384615384615385 0.15616438356164383
0 0.03538461538461538 0.12054794520547946 0.07076923076923076 0.15616438356164383