0 0.6225806451612903 0.33902439024390246 0.025806451612903226 0.041463414634146344
0 0.42096774193548386 0.3146341463414634 0.025806451612903226 0.041463414634146344
0 0.6112903225806452 0.7878048780487805 0.06774193548387097 0.14146341463414633
0 0.9290322580645162 0.7609756097560976 0.041935483870967745 0.06341463414634146
0 0.4338709677419355 0.48048780487804876 0.10967741935483871 0.24146341463414633
0 0.00149843912591051 0.0023378941106484237 0.00018210197710717986 0.0003152885187388462
0 0.16774193548387098 0.4073170731707317 0.11612903225806452 0.22195121951219512
0 0.4645161290322581 0.3073170731707317 0.025806451612903226 0.041463414634146344
0 0.6612903225806451 0.33902439024390246 0.025806451612903226 0.041463414634146344
0 0.7080645161290322 0.7463414634146341 0.06774193548387097 0.14146341463414633
0 0.6387096774193548 0.32195121951219513 0.025806451612903226 0.041463414634146344
0 0.07903225806451612 0.3121951219512195 0.15 0.275609756097561
0 0.7387096774193549 0.8560975609756097 0.06774193548387097 0.14146341463414633
0 0.6725806451612903 0.40487804878048783 0.025806451612903226 0.041463414634146344
0 0.7661290322580645 0.36341463414634145 0.025806451612903226 0.041463414634146344
0 0.9435483870967742 0.6463414634146342 0.03225806451612903 0.04878048780487805
0 0.6193548387096774 0.37317073170731707 0.025806451612903226 0.041463414634146344
0 0.9846774193548387 0.5195121951219512 0.03064516129032258 0.04878048780487805
0 0.9612903225806452 0.37073170731707317 0.025806451612903226 0.041463414634146344
0 0.3758064516129032 0.4634146341463415 0.10967741935483871 0.24146341463414633
0 0.5 0.3121951219512195 0.025806451612903226 0.041463414634146344
0 0.8758064516129033 0.6609756097560976 0.03225806451612903 0.04878048780487805
0 0.6241935483870967 0.5634146341463414 0.03225806451612903 0.04878048780487805
0 0.20806451612903226 0.3048780487804878 0.11612903225806452 0.22195121951219512
0 0.667741935483871 0.7829268292682927 0.06774193548387097 0.14146341463414633
0 0.5693548387096774 0.33902439024390246 0.025806451612903226 0.041463414634146344
0 0.9806451612903225 0.8048780487804879 0.03870967741935484 0.06341463414634146
0 0.8467741935483871 0.6463414634146342 0.03225806451612903 0.04878048780487805
0 0.9370967741935484 0.6853658536585366 0.03225806451612903 0.04878048780487805
0 0.9419354838709677 0.5682926829268292 0.03225806451612903 0.04878048780487805
0 0.00042663891779396465 0.00223081499107674 0.00034079084287200835 0.0008328375966686498
0 0.4854838709677419 0.3121951219512195 0.025806451612903226 0.041463414634146344
0 0.21774193548387097 0.6585365853658537 0.1774193548387097 0.2951219512195122
0 0.4306451612903226 0.32195121951219513 0.025806451612903226 0.041463414634146344
0 0.4435483870967742 0.3 0.025806451612903226 0.041463414634146344
0 0.6935483870967742 0.348780487804878 0.025806451612903226 0.041463414634146344
0 0.5370967741935484 0.33658536585365856 0.025806451612903226 0.041463414634146344
0 0.6854838709677419 0.5585365853658537 0.03225806451612903 0.04878048780487805
0 0.8306451612903226 0.697560975609756 0.041935483870967745 0.06341463414634146
0 0.5532258064516129 0.3853658536585366 0.025806451612903226 0.041463414634146344