0 0.9285714285714286 0.13744075829383887 0.06142857142857143 0.0971563981042654
0 0.37857142857142856 0.045023696682464455 0.06142857142857143 0.09004739336492891
0 0.8871428571428571 0.04028436018957346 0.06142857142857143 0.08056872037914692
0 0.6271428571428571 0.045023696682464455 0.06142857142857143 0.09004739336492891
0 0.48 0.13033175355450238 0.06142857142857143 0.0971563981042654
0 0.001416326530612245 0.0010388356056692347 0.00017142857142857126 0.0003874576042766336
0 0.6771428571428572 0.23933649289099526 0.08142857142857143 0.12085308056872038
0 0.5157142857142857 0.3886255924170616 0.08142857142857143 0.12085308056872038
0 0.12714285714285714 0.04739336492890995 0.06142857142857143 0.0947867298578199
0 0.05285714285714286 0.030805687203791468 0.06142857142857143 0.061611374407582936
0 0.5385714285714286 0.07345971563981042 0.06142857142857143 0.0971563981042654
0 0.0014265306122448979 0.0005671480874194201 0.00012244897959183662 0.00029761236270524013
0 0.2642857142857143 0.02843601895734597 0.06142857142857143 0.05687203791469194
0 0.49142857142857144 0.031990521327014215 0.06142857142857143 0.06398104265402843
0 0.11142857142857143 0.3293838862559242 0.08142857142857143 0.12085308056872038
0 0.31142857142857144 0.07345971563981042 0.06142857142857143 0.0971563981042654
0 0.8414285714285714 0.22985781990521326 0.08142857142857143 0.12085308056872038
0 0.8828571428571429 0.3578199052132701 0.08142857142857143 0.12085308056872038
0 0.7257142857142858 0.3009478672985782 0.08142857142857143 0.12085308056872038
0 0.6214285714285714 0.25118483412322273 0.08142857142857143 0.12085308056872038
0 0.027857142857142858 0.17061611374407584 0.055714285714285716 0.0971563981042654
0 0.35 0.6895734597156398 0.12285714285714286 0.1895734597156398
0 0.22714285714285715 0.13270142180094788 0.06142857142857143 0.0971563981042654
0 0.18142857142857144 0.031990521327014215 0.06142857142857143 0.06398104265402843
0 0.41 0.24407582938388625 0.08142857142857143 0.12085308056872038
0 0.6257142857142857 0.5876777251184834 0.12285714285714286 0.1895734597156398
0 0.26571428571428574 0.45260663507109006 0.12 0.16350710900473933
0 0.6928571428571428 0.0462085308056872 0.06142857142857143 0.0924170616113744
0 0.11285714285714285 0.6611374407582938 0.12285714285714286 0.1895734597156398
0 0.04357142857142857 0.533175355450237 0.08714285714285715 0.1895734597156398
0 0.7357142857142858 0.0971563981042654 0.06142857142857143 0.0971563981042654
0 0.7928571428571428 0.06398104265402843 0.06142857142857143 0.0971563981042654
0 0.0013755102040816326 0.0015722917274993823 0.00017551020408163254 0.0004492262078569663