0 0.6525 0.5616666666666666 0.07333333333333333 0.0775
0 0.305 0.25 0.07166666666666667 0.07583333333333334
0 0.2866666666666667 0.6866666666666666 0.07916666666666666 0.08666666666666667
0 0.027083333333333334 0.43833333333333335 0.05416666666666667 0.08166666666666667
0 0.8958333333333334 0.895 0.07916666666666666 0.08666666666666667
0 0.3858333333333333 0.6525 0.07916666666666666 0.08666666666666667
0 0.08833333333333333 0.7141666666666666 0.07916666666666666 0.08666666666666667
0 0.7041666666666667 0.32666666666666666 0.07166666666666667 0.07583333333333334
0 0.5216666666666666 0.4483333333333333 0.07333333333333333 0.0775
0 0.02625 0.6175 0.0525 0.08416666666666667
0 0.195 0.67 0.07916666666666666 0.08666666666666667
0 0.37333333333333335 0.7883333333333333 0.07916666666666666 0.08666666666666667
0 0.7141666666666666 0.08416666666666667 0.07166666666666667 0.07583333333333334
0 0.3433333333333333 0.055 0.07166666666666667 0.07583333333333334
0 0.00027916666666666666 0.0008263888888888889 0.00006597222222222227 0.00007222222222222231
0 0.22833333333333333 0.17583333333333334 0.07166666666666667 0.07583333333333334
0 0.0005347222222222222 0.0008256944444444444 0.00006597222222222218 0.00007222222222222222
0 0.0008173611111111112 0.0006979166666666667 0.00006597222222222227 0.00007222222222222222
0 0.023333333333333334 0.5175 0.04666666666666667 0.08166666666666667
0 0.9691666666666666 0.31666666666666665 0.06166666666666667 0.07583333333333334
0 0.000075 0.0008222222222222222 0.00006597222222222222 0.00007222222222222222
0 0.7016666666666667 0.8475 0.07916666666666666 0.08666666666666667
0 0.3275 0.585 0.07333333333333333 0.0775
0 0.3425 0.74 0.07916666666666666 0.08666666666666667
0 0.9258333333333333 0.6791666666666667 0.07916666666666666 0.08666666666666667
0 0.875 0.8683333333333333 0.07916666666666666 0.08666666666666667
0 0.0008159722222222221 0.00017847222222222223 0.00005972222222222221 0.00006319444444444443
0 0.715 0.2175 0.07166666666666667 0.07583333333333334
0 0.17166666666666666 0.08666666666666667 0.07166666666666667 0.07583333333333334
0 0.6733333333333333 0.1975 0.07166666666666667 0.07583333333333334
0 0.8475 0.028333333333333332 0.07166666666666667 0.056666666666666664
0 0.5008333333333334 0.024583333333333332 0.07166666666666667 0.049166666666666664
0 0.7641666666666667 0.48833333333333334 0.07333333333333333 0.0775
0 0.7083333333333334 0.66 0.07916666666666666 0.08666666666666667
0 0.8333333333333334 0.5808333333333333 0.07333333333333333 0.0775
0 0.25416666666666665 0.38666666666666666 0.07333333333333333 0.0775
0 0.00071875 0.0008173611111111112 0.00006597222222222218 0.00007222222222222222
0 0.9583333333333334 0.43916666666666665 0.07416666666666667 0.07916666666666666
0 0.5083333333333333 0.7483333333333333 0.07916666666666666 0.08666666666666667
0 0.8691666666666666 0.065 0.07166666666666667 0.07583333333333334
0 0.020833333333333332 0.15166666666666667 0.041666666666666664 0.07583333333333334
0 0.21333333333333335 0.8358333333333333 0.07916666666666666 0.08666666666666667