0 0.6854011194029851 0.1541432584269663 0.08115671641791045 0.14396067415730338
0 0.17537313432835822 0.04231039325842697 0.08115671641791045 0.08462078651685394
0 0.882929104477612 0.26053370786516855 0.10307835820895522 0.17029494382022473
0 0.22621268656716417 0.04231039325842697 0.08115671641791045 0.08462078651685394
0 0.8509794776119403 0.06425561797752809 0.08115671641791045 0.12851123595505617
0 0.7740205223880597 0.5200140449438202 0.15321828358208955 0.29775280898876405
0 0.42490671641791045 0.042134831460674156 0.08115671641791045 0.08426966292134831
0 0.8285914179104478 0.2324438202247191 0.08115671641791045 0.14396067415730338
0 0.36800373134328357 0.30582865168539325 0.10307835820895522 0.17029494382022473
0 0.4965018656716418 0.2401685393258427 0.10307835820895522 0.17029494382022473
0 0.45988805970149255 0.05021067415730337 0.08115671641791045 0.10042134831460674
0 0.5515391791044776 0.17942415730337077 0.08115671641791045 0.14396067415730338
0 0.6770055970149254 0.48139044943820225 0.15321828358208955 0.29775280898876405
0 0.7432369402985075 0.18714887640449437 0.08115671641791045 0.14396067415730338
0 0.11310634328358209 0.08918539325842696 0.08115671641791045 0.14396067415730338
0 0.41744402985074625 0.22612359550561797 0.08115671641791045 0.14396067415730338
0 0.3449160447761194 0.04950842696629214 0.08115671641791045 0.09901685393258428
0 0.6809701492537313 0.09585674157303371 0.08115671641791045 0.14396067415730338
0 0.9533582089552238 0.17942415730337077 0.08115671641791045 0.14396067415730338
0 0.00022053692011026954 0.00018308235229137735 0.000035731875835375335 0.0001045480368640323
0 0.6007462686567164 0.07092696629213484 0.08115671641791045 0.14185393258426968
0 0.6305970149253731 0.05881320224719101 0.08115671641791045 0.11762640449438203
0 0.23670708955223882 0.13939606741573032 0.08115671641791045 0.14396067415730338
0 0.19542910447761194 0.07180477528089887 0.08115671641791045 0.14360955056179775
0 0.8924906716417911 0.5544241573033708 0.15321828358208955 0.29775280898876405
0 0.46944962686567165 0.2889747191011236 0.10307835820895522 0.17029494382022473
0 0.27262126865671643 0.06302668539325842 0.08115671641791045 0.12605337078651685
0 0.4216417910447761 0.13764044943820225 0.08115671641791045 0.14396067415730338
0 0.5874533582089553 0.05881320224719101 0.08115671641791045 0.11762640449438203
0 0.03416511194029851 0.08672752808988764 0.06833022388059702 0.14396067415730338
0 0.3614738805970149 0.6903089887640449 0.15321828358208955 0.29775280898876405
0 0.1501865671641791 0.3637640449438202 0.10307835820895522 0.17029494382022473
0 0.7667910447761194 0.30021067415730335 0.10307835820895522 0.17029494382022473
0 0.7686567164179104 0.044417134831460675 0.08115671641791045 0.08883426966292135
0 0.6028451492537313 0.5049157303370787 0.15321828358208955 0.29775280898876405
0 0.109375 0.15379213483146068 0.08115671641791045 0.14396067415730338
0 0.3206623134328358 0.2324438202247191 0.08115671641791045 0.14396067415730338
0 0.6777052238805971 0.29037921348314605 0.10307835820895522 0.17029494382022473
0 0.878731343283582 0.0507373595505618 0.08115671641791045 0.1014747191011236
0 0.6079757462686567 0.16467696629213482 0.08115671641791045 0.14396067415730338
0 0.11683768656716417 0.38553370786516855 0.10307835820895522 0.17029494382022473
0 0.9330690298507462 0.31004213483146065 0.10307835820895522 0.17029494382022473
0 0.4864738805970149 0.4799859550561798 0.15321828358208955 0.29775280898876405