0 0.573125 0.5447019867549668 0.043125 0.1357615894039735
0 0.239375 0.26986754966887416 0.05375 0.20198675496688742
0 0.631875 0.3129139072847682 0.051875 0.15066225165562913
0 0.59125 0.3294701986754967 0.046875 0.1390728476821192
0 0.173125 0.43211920529801323 0.03625 0.13079470198675497
0 0.00038242187499999995 0.0016474058155344067 0.00003085937499999997 0.00023847638261479762
0 0.745 0.30960264900662254 0.051875 0.15066225165562913
0 0.025 0.5529801324503312 0.043125 0.14735099337748345
0 0.325 0.1804635761589404 0.041875 0.1291390728476821
0 0.30875 0.40066225165562913 0.041875 0.1291390728476821
0 0.77 0.8178807947019867 0.03875 0.1390728476821192
0 0.82375 0.34602649006622516 0.051875 0.15066225165562913
0 0.785 0.23013245033112584 0.051875 0.15066225165562913
0 0.00019726562499999999 0.0016199947370729353 0.00002695312499999998 0.00024395859830709165
0 0.3825 0.2119205298013245 0.041875 0.1291390728476821
0 0.12375 0.36423841059602646 0.03625 0.13079470198675497
0 0.40875 0.30629139072847683 0.041875 0.1291390728476821