0 0.8883333333333333 0.727735368956743 0.06333333333333334 0.1272264631043257
0 0.43166666666666664 0.027989821882951654 0.03666666666666667 0.05597964376590331
0 0.3233333333333333 0.16793893129770993 0.043333333333333335 0.089058524173028
0 0.024166666666666666 0.6412213740458015 0.04833333333333333 0.089058524173028
0 0.545 0.20610687022900764 0.043333333333333335 0.089058524173028
0 0.5916666666666667 0.7379134860050891 0.06333333333333334 0.1272264631043257
0 0.7883333333333333 0.17302798982188294 0.041666666666666664 0.089058524173028
0 0.5083333333333333 0.6717557251908397 0.06333333333333334 0.10687022900763359
0 0.9683333333333334 0.7251908396946565 0.051666666666666666 0.10687022900763359
0 0.9825 0.035623409669211195 0.035 0.07124681933842239
0 0.7116666666666667 0.7582697201017812 0.06333333333333334 0.1272264631043257
0 0.855 0.9134860050890585 0.06333333333333334 0.1272264631043257
0 0.5733333333333334 0.061068702290076333 0.043333333333333335 0.089058524173028
0 0.8 0.027989821882951654 0.03666666666666667 0.05597964376590331
0 0.12666666666666668 0.6997455470737913 0.06333333333333334 0.1272264631043257
0 0.6733333333333333 0.25699745547073793 0.043333333333333335 0.089058524173028
0 0.395 0.8269720101781171 0.06333333333333334 0.1272264631043257
0 0.6633333333333333 0.5954198473282443 0.06333333333333334 0.10687022900763359
0 0.645 0.1628498727735369 0.043333333333333335 0.089058524173028
0 0.8216666666666667 0.16030534351145037 0.043333333333333335 0.089058524173028
0 0.61 0.061068702290076333 0.043333333333333335 0.089058524173028
0 0.48833333333333334 0.04834605597964377 0.043333333333333335 0.089058524173028
0 0.45 0.6564885496183206 0.06333333333333334 0.10687022900763359
0 0.915 0.039440203562340966 0.043333333333333335 0.07888040712468193
0 0.0016527777777777778 0.0014244184164351986 0.00008611111111111125 0.00022661202079650878
0 0.20166666666666666 0.8244274809160306 0.06333333333333334 0.1272264631043257
0 0.17833333333333334 0.17302798982188294 0.043333333333333335 0.089058524173028
0 0.875 0.6437659033078881 0.06333333333333334 0.10687022900763359
0 0.00165 0.0015862841455755621 0.00008611111111111125 0.00022661202079650878
0 0.13 0.16793893129770993 0.043333333333333335 0.089058524173028
0 0.765 0.7557251908396947 0.06333333333333334 0.1272264631043257
0 0.9566666666666667 0.03816793893129771 0.043333333333333335 0.07633587786259542
0 0.31333333333333335 0.6743002544529262 0.06333333333333334 0.10687022900763359
0 0.09833333333333333 0.6310432569974554 0.06333333333333334 0.10687022900763359
0 0.765 0.039440203562340966 0.043333333333333335 0.07888040712468193
0 0.27 0.648854961832061 0.06333333333333334 0.10687022900763359
0 0.89 0.5877862595419847 0.06333333333333334 0.10687022900763359
0 0.6716666666666666 0.035623409669211195 0.043333333333333335 0.07124681933842239
0 0.5033333333333333 0.366412213740458 0.043333333333333335 0.089058524173028
0 0.02 0.8549618320610687 0.04 0.089058524173028
0 0.8766666666666667 0.7989821882951654 0.06333333333333334 0.1272264631043257
0 0.65 0.09923664122137404 0.043333333333333335 0.089058524173028
0 0.17833333333333334 0.6819338422391857 0.06333333333333334 0.10687022900763359
0 0.019166666666666665 0.13740458015267176 0.03833333333333333 0.089058524173028
0 0.028333333333333332 0.7251908396946565 0.051666666666666666 0.10687022900763359
0 0.6033333333333334 0.6539440203562341 0.06333333333333334 0.10687022900763359
0 0.7916666666666666 0.6513994910941476 0.06333333333333334 0.10687022900763359
0 0.9483333333333334 0.5699745547073791 0.06333333333333334 0.10687022900763359
0 0.29833333333333334 0.5954198473282443 0.06333333333333334 0.10687022900763359
0 0.4066666666666667 0.20865139949109415 0.043333333333333335 0.089058524173028
0 0.8033333333333333 0.7175572519083969 0.06333333333333334 0.1272264631043257
0 0.455 0.5954198473282443 0.06333333333333334 0.10687022900763359
0 0.28833333333333333 0.18575063613231552 0.043333333333333335 0.089058524173028
0 0.445 0.36895674300254455 0.043333333333333335 0.089058524173028
0 0.0016611111111111113 0.00025251053745896704 0.00007222222222222204 0.00022661202079650892
0 0.8383333333333334 0.04580152671755725 0.043333333333333335 0.089058524173028
0 0.22 0.25190839694656486 0.043333333333333335 0.089058524173028