0 0.882 0.3958333333333333 0.096 0.21726190476190477
0 0.612 0.0744047619047619 0.096 0.1488095238095238
0 0.71 0.16964285714285715 0.096 0.16071428571428573
0 0.06 0.25297619047619047 0.094 0.18452380952380953
0 0.602 0.4732142857142857 0.13 0.22023809523809523
0 0.312 0.14583333333333334 0.096 0.16071428571428573
0 0.164 0.15773809523809523 0.094 0.18452380952380953
0 0.496 0.19047619047619047 0.096 0.16071428571428573
0 0.898 0.05803571428571429 0.096 0.11607142857142858
0 0.282 0.0744047619047619 0.096 0.1488095238095238
0 0.4 0.30357142857142855 0.096 0.21726190476190477
0 0.812 0.06101190476190476 0.096 0.12202380952380952
0 0.204 0.30952380952380953 0.094 0.18452380952380953
0 0.91 0.12202380952380952 0.096 0.16071428571428573
0 0.836 0.23214285714285715 0.096 0.21726190476190477
0 0.436 0.12797619047619047 0.096 0.16071428571428573
0 0.768 0.11011904761904762 0.096 0.16071428571428573
0 0.2 0.052083333333333336 0.094 0.10416666666666667
0 0.606 0.22916666666666666 0.096 0.21726190476190477
0 0.08 0.09523809523809523 0.096 0.16071428571428573