0 0.6878048780487804 0.09415584415584416 0.036585365853658534 0.06168831168831169
0 0.14390243902439023 0.09740259740259741 0.036585365853658534 0.06168831168831169
0 0.1878048780487805 0.6071428571428571 0.06585365853658537 0.1266233766233766
0 0.2 0.3116883116883117 0.05121951219512195 0.07792207792207792
0 0.18048780487804877 0.17207792207792208 0.036585365853658534 0.06168831168831169
0 0.06829268292682927 0.737012987012987 0.06585365853658537 0.1266233766233766
0 0.7975609756097561 0.021103896103896104 0.036585365853658534 0.04220779220779221
0 0.6219512195121951 0.07467532467532467 0.036585365853658534 0.06168831168831169
0 0.5146341463414634 0.2305194805194805 0.05121951219512195 0.07792207792207792
0 0.9195121951219513 0.38961038961038963 0.05121951219512195 0.07792207792207792
0 0.5975609756097561 0.32142857142857145 0.05121951219512195 0.07792207792207792
0 0.18292682926829268 0.08766233766233766 0.036585365853658534 0.06168831168831169
0 0.8341463414634146 0.3051948051948052 0.05121951219512195 0.07792207792207792
0 0.11463414634146342 0.6818181818181818 0.06585365853658537 0.1266233766233766
0 0.47317073170731705 0.19805194805194806 0.05121951219512195 0.07792207792207792
0 0.8536585365853658 0.935064935064935 0.06585365853658537 0.1266233766233766
0 0.7634146341463415 0.37337662337662336 0.05121951219512195 0.07792207792207792
0 0.9195121951219513 0.4512987012987013 0.05121951219512195 0.07792207792207792
0 0.0024092801903628793 0.0011806375442739079 0.00011302795954788826 0.00023191094619666038
0 0.02926829268292683 0.14285714285714285 0.03902439024390244 0.06493506493506493
0 0.948780487804878 0.6590909090909091 0.06097560975609756 0.11363636363636363
0 0.29024390243902437 0.08441558441558442 0.036585365853658534 0.06168831168831169
0 0.424390243902439 0.1461038961038961 0.036585365853658534 0.06168831168831169
0 0.13414634146341464 0.024350649350649352 0.036585365853658534 0.048701298701298704
0 0.25365853658536586 0.288961038961039 0.05121951219512195 0.07792207792207792
0 0.001588340273646639 0.0031413391803002196 0.00016061867935752543 0.0004111148591668073
0 0.2975609756097561 0.6331168831168831 0.06585365853658537 0.1266233766233766
0 0.5146341463414634 0.09740259740259741 0.036585365853658534 0.06168831168831169
0 0.00239738251041047 0.0021293641423511555 0.00014872099940511615 0.0003689492325855959
0 0.018292682926829267 0.512987012987013 0.036585365853658534 0.10064935064935066
0 0.3048780487804878 0.18831168831168832 0.046341463414634146 0.07142857142857142
0 0.4073170731707317 0.288961038961039 0.05121951219512195 0.07792207792207792
0 0.44634146341463415 0.7987012987012987 0.06585365853658537 0.1266233766233766
0 0.15365853658536585 0.8474025974025974 0.06585365853658537 0.1266233766233766
0 0.9768292682926829 0.18181818181818182 0.046341463414634146 0.07142857142857142
0 0.7682926829268293 0.8214285714285714 0.06585365853658537 0.1266233766233766
0 0.5536585365853659 0.8603896103896104 0.06585365853658537 0.1266233766233766
0 0.6780487804878049 0.024350649350649352 0.036585365853658534 0.048701298701298704
0 0.2658536585365854 0.34415584415584416 0.05121951219512195 0.07792207792207792
0 0.3926829268292683 0.21103896103896103 0.05121951219512195 0.07792207792207792
0 0.7585365853658537 0.021103896103896104 0.036585365853658534 0.04220779220779221
0 0.8365853658536585 0.2012987012987013 0.05121951219512195 0.07792207792207792
0 0.8146341463414634 0.8506493506493507 0.06585365853658537 0.1266233766233766
0 0.08292682926829269 0.02922077922077922 0.036585365853658534 0.05844155844155844
0 0.5585365853658537 0.030844155844155844 0.036585365853658534 0.06168831168831169
0 0.20609756097560974 0.9366883116883117 0.06585365853658537 0.1266233766233766
0 0.23658536585365852 0.021103896103896104 0.036585365853658534 0.04220779220779221
0 0.5487804878048781 0.35714285714285715 0.05121951219512195 0.07792207792207792
0 0.675609756097561 0.2987012987012987 0.05121951219512195 0.07792207792207792
0 0.7951219512195122 0.3409090909090909 0.05121951219512195 0.07792207792207792
0 0.47804878048780486 0.02922077922077922 0.036585365853658534 0.05844155844155844
0 0.37073170731707317 0.5941558441558441 0.06585365853658537 0.1266233766233766
0 0.025609756097560974 0.40584415584415584 0.05121951219512195 0.10064935064935066
0 0.9121951219512195 0.048701298701298704 0.036585365853658534 0.06168831168831169
0 0.9536585365853658 0.1590909090909091 0.036585365853658534 0.06168831168831169
0 0.4 0.06168831168831169 0.036585365853658534 0.06168831168831169
0 0.0024152290303390837 0.00027407657277787146 0.00010707911957168362 0.0002213695395513577
0 0.05365853658536585 0.2305194805194805 0.05121951219512195 0.07792207792207792
0 0.1 0.3181818181818182 0.05121951219512195 0.07792207792207792