0 0.6945564516129032 0.3888888888888889 0.037298387096774195 0.08781362007168458
0 0.7983870967741935 0.035842293906810034 0.04939516129032258 0.07168458781362007
0 0.8004032258064516 0.6451612903225806 0.03528225806451613 0.0913978494623656
0 0.0655241935483871 0.03225806451612903 0.04939516129032258 0.06451612903225806
0 0.0010019673517169614 0.0012846700325021517 0.00003556679240374609 0.00016379542914402422
0 0.11794354838709678 0.7419354838709677 0.03528225806451613 0.0913978494623656
0 0.2963709677419355 0.4731182795698925 0.037298387096774195 0.08781362007168458
0 0.1814516129032258 0.023297491039426525 0.04939516129032258 0.04659498207885305
0 0.6733870967741935 0.6308243727598566 0.03528225806451613 0.0913978494623656
0 0.8104838709677419 0.8154121863799283 0.03528225806451613 0.0913978494623656
0 0.5221774193548387 0.03136200716845878 0.04939516129032258 0.06272401433691756
0 0.8377016129032258 0.4336917562724014 0.037298387096774195 0.08781362007168458
0 0.8578629032258065 0.9265232974910395 0.03528225806451613 0.0913978494623656
0 0.9344758064516129 0.9014336917562724 0.03528225806451613 0.0913978494623656
0 0.7348790322580645 0.1039426523297491 0.03528225806451613 0.07526881720430108
0 0.08669354838709678 0.5376344086021505 0.037298387096774195 0.08781362007168458
0 0.1280241935483871 0.44086021505376344 0.037298387096774195 0.08781362007168458
0 0.14919354838709678 0.8548387096774194 0.03528225806451613 0.0913978494623656
0 0.6421370967741935 0.7204301075268817 0.03528225806451613 0.0913978494623656
0 0.2469758064516129 0.17204301075268819 0.03528225806451613 0.07526881720430108
0 0.06149193548387097 0.2885304659498208 0.037298387096774195 0.08781362007168458
0 0.8810483870967742 0.5806451612903226 0.037298387096774195 0.08781362007168458
0 0.7963709677419355 0.5519713261648745 0.037298387096774195 0.08781362007168458
0 0.9002016129032258 0.6971326164874552 0.03528225806451613 0.0913978494623656
0 0.36693548387096775 0.8584229390681004 0.03528225806451613 0.0913978494623656
0 0.719758064516129 0.4731182795698925 0.037298387096774195 0.08781362007168458
0 0.8780241935483871 0.6379928315412187 0.03528225806451613 0.0913978494623656
0 0.5040322580645161 0.41397849462365593 0.04939516129032258 0.11648745519713262
0 0.014112903225806451 0.02867383512544803 0.028225806451612902 0.05734767025089606
0 0.3064516129032258 0.7544802867383512 0.03528225806451613 0.0913978494623656
0 0.48286290322580644 0.3100358422939068 0.037298387096774195 0.08781362007168458
0 0.5695564516129032 0.46953405017921146 0.037298387096774195 0.08781362007168458
0 0.0655241935483871 0.1827956989247312 0.03528225806451613 0.07526881720430108
0 0.17943548387096775 0.7401433691756273 0.03528225806451613 0.0913978494623656
0 0.5463709677419355 0.08422939068100359 0.03528225806451613 0.07526881720430108
0 0.7943548387096774 0.8942652329749103 0.03528225806451613 0.0913978494623656
0 0.6602822580645161 0.44802867383512546 0.037298387096774195 0.08781362007168458
0 0.9747983870967742 0.5268817204301075 0.037298387096774195 0.08781362007168458
0 0.14213709677419356 0.6415770609318996 0.03528225806451613 0.0913978494623656
0 0.0008434410770031218 0.0017471512442029267 0.00003556679240374621 0.0001637954291440244
0 0.3558467741935484 0.5340501792114696 0.037298387096774195 0.08781362007168458
0 0.39818548387096775 0.4659498207885305 0.037298387096774195 0.08781362007168458
0 0.6804435483870968 0.9014336917562724 0.03528225806451613 0.0913978494623656
0 0.29838709677419356 0.27956989247311825 0.037298387096774195 0.08781362007168458
0 0.9773185483870968 0.13530465949820789 0.04536290322580645 0.07347670250896057
0 0.0009044127211238294 0.0017567862694466928 0.00003556679240374621 0.0001637954291440244
0 0.06653225806451613 0.3817204301075269 0.037298387096774195 0.08781362007168458
0 0.015625 0.1863799283154122 0.03125 0.07347670250896057
0 0.0907258064516129 0.8225806451612904 0.03528225806451613 0.0913978494623656
0 0.985383064516129 0.4112903225806452 0.029233870967741934 0.08781362007168458
0 0.5796370967741935 0.2777777777777778 0.037298387096774195 0.08781362007168458
0 0.17540322580645162 0.5448028673835126 0.037298387096774195 0.08781362007168458
0 0.14516129032258066 0.16845878136200718 0.03528225806451613 0.07526881720430108
0 0.1592741935483871 0.3960573476702509 0.037298387096774195 0.08781362007168458
0 0.9213709677419355 0.31362007168458783 0.037298387096774195 0.08781362007168458
0 0.2772177419354839 0.9336917562724014 0.03528225806451613 0.0913978494623656
0 0.3588709677419355 0.3602150537634409 0.037298387096774195 0.08781362007168458
0 0.038306451612903226 0.7939068100358423 0.03528225806451613 0.0913978494623656
0 0.33568548387096775 0.6344086021505376 0.03528225806451613 0.0913978494623656
0 0.7006048387096774 0.8189964157706093 0.03528225806451613 0.0913978494623656
0 0.9788306451612904 0.8225806451612904 0.03528225806451613 0.0913978494623656
0 0.8840725806451613 0.8207885304659498 0.03528225806451613 0.0913978494623656
0 0.04435483870967742 0.48566308243727596 0.037298387096774195 0.08781362007168458
0 0.00100298354578564 0.0005427730887321592 0.00003759918054110307 0.0001573720789815136
0 0.6199596774193549 0.4050179211469534 0.037298387096774195 0.08781362007168458
0 0.0006727204734651405 0.0017310928687966495 0.00003556679240374621 0.00016379542914402422
0 0.4092741935483871 0.7078853046594982 0.03528225806451613 0.0913978494623656
0 0.03125 0.8942652329749103 0.03528225806451613 0.0913978494623656
0 0.842741935483871 0.2939068100358423 0.037298387096774195 0.08781362007168458
0 0.20766129032258066 0.2974910394265233 0.037298387096774195 0.08781362007168458
0 0.22379032258064516 0.6093189964157706 0.03528225806451613 0.0913978494623656
0 0.9737903225806451 0.2132616487455197 0.03528225806451613 0.07526881720430108
0 0.2933467741935484 0.1057347670250896 0.03528225806451613 0.07526881720430108
0 0.14213709677419356 0.25985663082437277 0.03528225806451613 0.07526881720430108
0 0.3659274193548387 0.942652329749104 0.03528225806451613 0.0913978494623656
0 0.40826612903225806 0.2956989247311828 0.037298387096774195 0.08781362007168458
0 0.8225806451612904 0.7311827956989247 0.03528225806451613 0.0913978494623656
0 0.00021644933662851197 0.0017567862694466928 0.00003556679240374609 0.0001637954291440244
0 0.0005914249479708637 0.0017407278940404156 0.00003556679240374621 0.00016379542914402422
0 0.7358870967741935 0.23655913978494625 0.03528225806451613 0.07526881720430108
0 0.3467741935483871 0.7258064516129032 0.03528225806451613 0.0913978494623656
0 0.25100806451612906 0.3960573476702509 0.037298387096774195 0.08781362007168458
0 0.9375 0.6577060931899642 0.03528225806451613 0.0913978494623656
0 0.11290322580645161 0.8315412186379928 0.03528225806451613 0.0913978494623656
0 0.4566532258064516 0.21505376344086022 0.03528225806451613 0.07526881720430108
0 0.9173387096774194 0.034050179211469536 0.04939516129032258 0.06810035842293907
0 0.2600806451612903 0.4838709677419355 0.037298387096774195 0.08781362007168458
0 0.06149193548387097 0.0967741935483871 0.03528225806451613 0.07526881720430108
0 0.4344758064516129 0.05197132616487455 0.03528225806451613 0.07526881720430108
0 0.6008064516129032 0.025089605734767026 0.04939516129032258 0.05017921146953405
0 0.0010050159339229968 0.0017182461684716282 0.00003556679240374621 0.0001637954291440244
0 0.018145161290322582 0.6272401433691757 0.03528225806451613 0.0913978494623656
0 0.7550403225806451 0.4211469534050179 0.037298387096774195 0.08781362007168458
0 0.2600806451612903 0.568100358422939 0.037298387096774195 0.08781362007168458
0 0.6149193548387096 0.578853046594982 0.037298387096774195 0.08781362007168458
0 0.6461693548387096 0.11648745519713262 0.03528225806451613 0.07526881720430108
0 0.9002016129032258 0.18100358422939067 0.03528225806451613 0.07526881720430108
0 0.7933467741935484 0.22939068100358423 0.03528225806451613 0.07526881720430108
0 0.4102822580645161 0.7885304659498208 0.03528225806451613 0.0913978494623656
0 0.1905241935483871 0.07885304659498207 0.03528225806451613 0.07526881720430108
0 0.90625 0.11290322580645161 0.03528225806451613 0.07526881720430108
0 0.3336693548387097 0.21863799283154123 0.03528225806451613 0.07526881720430108
0 0.8356854838709677 0.0913978494623656 0.03528225806451613 0.07526881720430108
0 0.4415322580645161 0.37992831541218636 0.037298387096774195 0.08781362007168458
0 0.24294354838709678 0.8082437275985663 0.03528225806451613 0.0913978494623656
0 0.5967741935483871 0.6487455197132617 0.03528225806451613 0.0913978494623656
0 0.3185483870967742 0.8172043010752689 0.03528225806451613 0.0913978494623656
0 0.13608870967741934 0.1003584229390681 0.03528225806451613 0.07526881720430108
0 0.7530241935483871 0.7419354838709677 0.03528225806451613 0.0913978494623656
0 0.7116935483870968 0.02956989247311828 0.04939516129032258 0.05913978494623656