0 0.581382539245387 0.3123329515082092 0.0895070228587166 0.1344024436807942
0 0.5381437620490223 0.37800687285223367 0.059763150647204624 0.07636502481863307
0 0.49407876618011565 0.4944635357006491 0.08482511704764528 0.13134784268804886
0 0.7110988708344809 0.35891561664757543 0.07683833654640596 0.14127529591447116
0 0.5510878545855137 0.3127147766323024 0.050674745249242634 0.0649102710958381
0 0.9231616634535941 0.4173348606338297 0.10713302120627927 0.2321496754486445
0 0.03841916827320298 0.37075219549446353 0.07683833654640596 0.13249331806032838
0 0.8680804186174608 0.26613211149293625 0.053704213715229966 0.07751050019091256
0 0.7970256127788488 0.39709812905689196 0.045992839438171305 0.0660557464681176
0 0.3180941889286698 0.3218785796105384 0.07160561828697329 0.13707521954944635
0 0.0002747235868858094 0.00018005117535511997 0.00001827950978450584 0.000045778193572070964
0 0.7474524924263288 0.5467735777014128 0.07683833654640596 0.14127529591447116
0 0.000271462097588159 0.00016576371366702137 0.00001827950978450581 0.000045778193572070964
0 0.6967777471770862 0.42993508972890415 0.12117873863949326 0.1958762886597938
0 0.39245386945744976 0.44788087056128295 0.12117873863949326 0.1958762886597938
0 0.2875240980446158 0.4074074074074074 0.07160561828697329 0.13707521954944635
0 0.16166345359405124 0.5399007254677358 0.07160561828697329 0.13707521954944635
0 0.02891765353896998 0.646811760213822 0.05783530707793996 0.32989690721649484