0 0.93359375 0.2044776119402985 0.00390625 0.007462686567164179
0 0.3212890625 0.1582089552238806 0.00390625 0.007462686567164179
0 0.94140625 0.1582089552238806 0.00390625 0.007462686567164179
0 0.736328125 0.22238805970149253 0.00390625 0.007462686567164179
0 0.28125 0.18507462686567164 0.00390625 0.007462686567164179
0 0.5947265625 0.19552238805970149 0.00390625 0.007462686567164179
0 0.041015625 0.1746268656716418 0.00390625 0.007462686567164179
0 0.7451171875 0.29253731343283584 0.0048828125 0.014925373134328358
0 0.6728515625 0.1880597014925373 0.00390625 0.007462686567164179
0 0.9130859375 0.16567164179104477 0.00390625 0.007462686567164179
0 0.939453125 0.1701492537313433 0.00390625 0.007462686567164179
0 0.421875 0.34328358208955223 0.025390625 0.04776119402985075
0 0.2294921875 0.16119402985074627 0.00390625 0.007462686567164179
0 0.9658203125 0.17313432835820897 0.00390625 0.007462686567164179
0 0.8115234375 0.2791044776119403 0.0048828125 0.014925373134328358
0 0.73046875 0.1537313432835821 0.0029296875 0.008955223880597015
0 0.77734375 0.1626865671641791 0.00390625 0.007462686567164179
0 0.552734375 0.28955223880597014 0.0048828125 0.014925373134328358
0 0.982421875 0.1626865671641791 0.00390625 0.007462686567164179
0 0.08203125 0.2 0.00390625 0.007462686567164179
0 0.01953125 0.1701492537313433 0.00390625 0.007462686567164179
0 0.5517578125 0.3641791044776119 0.0244140625 0.05373134328358209
0 0.0576171875 0.19701492537313434 0.00390625 0.007462686567164179
0 0.1298828125 0.21044776119402986 0.00390625 0.007462686567164179
0 0.69140625 0.2880597014925373 0.01171875 0.020895522388059702
0 0.66015625 0.15522388059701492 0.00390625 0.007462686567164179
0 0.921875 0.1626865671641791 0.00390625 0.007462686567164179
0 0.4833984375 0.2865671641791045 0.0048828125 0.014925373134328358
0 0.1708984375 0.19402985074626866 0.00390625 0.007462686567164179
0 0.2607421875 0.15522388059701492 0.00390625 0.007462686567164179
0 0.587890625 0.15671641791044777 0.00390625 0.007462686567164179
0 0.8330078125 0.18507462686567164 0.00390625 0.007462686567164179
0 0.5048828125 0.29701492537313434 0.0048828125 0.014925373134328358
0 0.671875 0.208955223880597 0.00390625 0.007462686567164179
0 0.962890625 0.1537313432835821 0.0029296875 0.008955223880597015
0 0.939453125 0.191044776119403 0.00390625 0.007462686567164179
0 0.736328125 0.19402985074626866 0.00390625 0.007462686567164179
0 0.884765625 0.2208955223880597 0.00390625 0.007462686567164179
0 0.8857421875 0.19701492537313434 0.00390625 0.007462686567164179
0 0.333984375 0.1582089552238806 0.00390625 0.007462686567164179
0 0.6015625 0.21343283582089553 0.00390625 0.007462686567164179
0 0.8212890625 0.1925373134328358 0.00390625 0.007462686567164179
0 0.6904296875 0.19552238805970149 0.00390625 0.007462686567164179
0 0.681640625 0.17313432835820897 0.00390625 0.007462686567164179
0 0.69140625 0.33432835820895523 0.0205078125 0.04029850746268657
0 0.1298828125 0.2880597014925373 0.005859375 0.014925373134328358
0 0.7861328125 0.21044776119402986 0.00390625 0.007462686567164179
0 0.248046875 0.1746268656716418 0.00390625 0.007462686567164179
0 0.724609375 0.16865671641791044 0.00390625 0.007462686567164179
0 0.361328125 0.2044776119402985 0.00390625 0.007462686567164179
0 0.7421875 0.21044776119402986 0.00390625 0.007462686567164179
0 0.06640625 0.22238805970149253 0.00390625 0.007462686567164179
0 0.7802734375 0.1925373134328358 0.00390625 0.007462686567164179
0 0.6865234375 0.21343283582089553 0.00390625 0.007462686567164179
0 0.5654296875 0.27313432835820894 0.0048828125 0.014925373134328358
0 0.0029296875 0.21641791044776118 0.00390625 0.007462686567164179
0 0.79296875 0.28059701492537314 0.0048828125 0.014925373134328358
0 0.890625 0.22835820895522388 0.00390625 0.007462686567164179
0 0.7216796875 0.1761194029850746 0.00390625 0.007462686567164179
0 0.6787109375 0.2865671641791045 0.01171875 0.020895522388059702
0 0.8359375 0.21194029850746268 0.00390625 0.007462686567164179
0 0.6083984375 0.2298507462686567 0.00390625 0.007462686567164179
0 0.71875 0.21940298507462686 0.00390625 0.007462686567164179
0 0.9384765625 0.18059701492537314 0.00390625 0.007462686567164179
0 0.67578125 0.16716417910447762 0.00390625 0.007462686567164179
0 0.6005859375 0.1761194029850746 0.00390625 0.007462686567164179
0 0.8720703125 0.208955223880597 0.00390625 0.007462686567164179
0 0.7333984375 0.1761194029850746 0.00390625 0.007462686567164179
0 0.64453125 0.2865671641791045 0.013671875 0.014925373134328358
0 0.830078125 0.2208955223880597 0.00390625 0.007462686567164179
0 0.1201171875 0.191044776119403 0.00390625 0.007462686567164179
0 0.56640625 0.22686567164179106 0.00390625 0.007462686567164179
0 0.6005859375 0.191044776119403 0.00390625 0.007462686567164179
0 0.580078125 0.18208955223880596 0.00390625 0.007462686567164179
0 0.06640625 0.16567164179104477 0.00390625 0.007462686567164179
0 0.5341796875 0.1791044776119403 0.00390625 0.007462686567164179
0 0.7353515625 0.16567164179104477 0.00390625 0.007462686567164179
0 0.26953125 0.1701492537313433 0.00390625 0.007462686567164179
0 0.4990234375 0.2835820895522388 0.0048828125 0.014925373134328358
0 0.95703125 0.208955223880597 0.00390625 0.007462686567164179
0 0.609375 0.21343283582089553 0.00390625 0.007462686567164179
0 0.7578125 0.30149253731343284 0.0048828125 0.014925373134328358
0 0.8251953125 0.18955223880597014 0.00390625 0.007462686567164179
0 0.8994140625 0.1791044776119403 0.00390625 0.007462686567164179
0 0.4970703125 0.34328358208955223 0.025390625 0.04776119402985075
0 0.87890625 0.17164179104477612 0.00390625 0.007462686567164179
0 0.9521484375 0.16567164179104477 0.00390625 0.007462686567164179
0 0.7255859375 0.2044776119402985 0.00390625 0.007462686567164179
0 0.7138671875 0.16865671641791044 0.00390625 0.007462686567164179
0 0.650390625 0.1880597014925373 0.00390625 0.007462686567164179
0 0.8818359375 0.1582089552238806 0.00390625 0.007462686567164179
0 0.658203125 0.17313432835820897 0.00390625 0.007462686567164179
0 0.994140625 0.1701492537313433 0.00390625 0.007462686567164179
0 0.7529296875 0.21791044776119403 0.00390625 0.007462686567164179
0 0.3740234375 0.1537313432835821 0.0029296875 0.008955223880597015
0 0.5791015625 0.22835820895522388 0.00390625 0.007462686567164179
0 0.734375 0.2835820895522388 0.0048828125 0.014925373134328358
0 0.7734375 0.3164179104477612 0.0048828125 0.014925373134328358
0 0.828125 0.16119402985074627 0.00390625 0.007462686567164179
0 0.1103515625 0.20149253731343283 0.00390625 0.007462686567164179
0 0.71484375 0.19850746268656716 0.00390625 0.007462686567164179
0 0.71875 0.3 0.0048828125 0.014925373134328358
0 0.1650390625 0.23283582089552238 0.00390625 0.007462686567164179
0 0.5986328125 0.20298507462686566 0.00390625 0.007462686567164179
0 0.728515625 0.22686567164179106 0.00390625 0.007462686567164179
0 0.58984375 0.21492537313432836 0.00390625 0.007462686567164179
0 0.69140625 0.2656716417910448 0.0048828125 0.0029850746268656717
0 0.3359375 0.18059701492537314 0.00390625 0.007462686567164179
0 0.7109375 0.1865671641791045 0.00390625 0.007462686567164179
0 0.724609375 0.2298507462686567 0.00390625 0.007462686567164179
0 0.84375 0.1537313432835821 0.0029296875 0.008955223880597015
0 0.0556640625 0.21641791044776118 0.00390625 0.007462686567164179
0 0.8408203125 0.22686567164179106 0.00390625 0.007462686567164179
0 0.1875 0.1626865671641791 0.00390625 0.007462686567164179
0 0.58984375 0.2656716417910448 0.0048828125 0.0029850746268656717
0 0.068359375 0.2880597014925373 0.005859375 0.014925373134328358
0 0.7275390625 0.18955223880597014 0.00390625 0.007462686567164179
0 0.14453125 0.1537313432835821 0.0029296875 0.008955223880597015
0 0.15234375 0.17313432835820897 0.00390625 0.007462686567164179
0 0.8271484375 0.18059701492537314 0.00390625 0.007462686567164179
0 0.724609375 0.3417910447761194 0.0048828125 0.014925373134328358
0 0.96875 0.23582089552238805 0.00390625 0.007462686567164179
0 0.6982421875 0.2044776119402985 0.00390625 0.007462686567164179
0 0.263671875 0.20746268656716418 0.00390625 0.007462686567164179
0 0.763671875 0.16417910447761194 0.00390625 0.007462686567164179
0 0.7041015625 0.1791044776119403 0.00390625 0.007462686567164179
0 0.6875 0.22238805970149253 0.00390625 0.007462686567164179
0 0.2099609375 0.16865671641791044 0.00390625 0.007462686567164179
0 0.6494140625 0.16716417910447762 0.00390625 0.007462686567164179
0 0.8564453125 0.18059701492537314 0.00390625 0.007462686567164179
0 0.5546875 0.18358208955223881 0.00390625 0.007462686567164179
0 0.75390625 0.15970149253731344 0.00390625 0.007462686567164179
0 0.5849609375 0.22388059701492538 0.00390625 0.007462686567164179
0 0.3349609375 0.35522388059701493 0.033203125 0.06417910447761194
0 0.93359375 0.1865671641791045 0.00390625 0.007462686567164179
0 0.0966796875 0.1537313432835821 0.0029296875 0.008955223880597015
0 0.8828125 0.21044776119402986 0.00390625 0.007462686567164179
0 0.6591796875 0.3328358208955224 0.0078125 0.022388059701492536
0 0.6123046875 0.16417910447761194 0.00390625 0.007462686567164179
0 0.7705078125 0.21940298507462686 0.00390625 0.007462686567164179
0 0.7470703125 0.3164179104477612 0.0048828125 0.014925373134328358
0 0.958984375 0.19701492537313434 0.00390625 0.007462686567164179
0 0.2177734375 0.21343283582089553 0.00390625 0.007462686567164179
0 0.642578125 0.34328358208955223 0.0078125 0.022388059701492536
0 0.703125 0.282089552238806 0.0126953125 0.020895522388059702
0 0.958984375 0.22238805970149253 0.00390625 0.007462686567164179
0 0.5771484375 0.19402985074626866 0.00390625 0.007462686567164179
0 0.763671875 0.21044776119402986 0.00390625 0.007462686567164179
0 0.197265625 0.1537313432835821 0.0029296875 0.008955223880597015
0 0.7021484375 0.15970149253731344 0.00390625 0.007462686567164179
0 0.060546875 0.23582089552238805 0.00390625 0.007462686567164179
0 0.6767578125 0.19552238805970149 0.00390625 0.007462686567164179
0 0.927734375 0.1746268656716418 0.00390625 0.007462686567164179
0 0.5927734375 0.15522388059701492 0.00390625 0.007462686567164179
0 0.375 0.16417910447761194 0.00390625 0.007462686567164179
0 0.83984375 0.29850746268656714 0.013671875 0.020895522388059702
0 0.302734375 0.1761194029850746 0.00390625 0.007462686567164179
0 0.900390625 0.2 0.00390625 0.007462686567164179
0 0.3203125 0.16865671641791044 0.00390625 0.007462686567164179
0 0.9814453125 0.18507462686567164 0.00390625 0.007462686567164179
0 0.921875 0.208955223880597 0.00390625 0.007462686567164179
0 0.580078125 0.21641791044776118 0.00390625 0.007462686567164179
0 0.97265625 0.1791044776119403 0.00390625 0.007462686567164179
0 0.5927734375 0.23283582089552238 0.00390625 0.007462686567164179
0 0.9462890625 0.1761194029850746 0.00390625 0.007462686567164179
0 0.6708984375 0.19850746268656716 0.00390625 0.007462686567164179
0 0.255859375 0.1925373134328358 0.00390625 0.007462686567164179
0 0.68359375 0.1865671641791045 0.00390625 0.007462686567164179
0 0.35546875 0.18507462686567164 0.00390625 0.007462686567164179
0 0.5830078125 0.3253731343283582 0.0048828125 0.014925373134328358
0 0.5771484375 0.17313432835820897 0.00390625 0.007462686567164179
0 0.751953125 0.18955223880597014 0.00390625 0.007462686567164179
0 0.71875 0.1925373134328358 0.00390625 0.007462686567164179
0 0.9072265625 0.21492537313432836 0.00390625 0.007462686567164179
0 0.7138671875 0.23283582089552238 0.00390625 0.007462686567164179
0 0.103515625 0.21791044776119403 0.00390625 0.007462686567164179
0 0.8037109375 0.20298507462686566 0.00390625 0.007462686567164179
0 0.5673828125 0.191044776119403 0.00390625 0.007462686567164179
0 0.1025390625 0.1880597014925373 0.00390625 0.007462686567164179
0 0.8037109375 0.16119402985074627 0.00390625 0.007462686567164179
0 0.015625 0.291044776119403 0.005859375 0.014925373134328358
0 0.7099609375 0.20149253731343283 0.00390625 0.007462686567164179
0 0.5419921875 0.28955223880597014 0.0087890625 0.020895522388059702
0 0.640625 0.1746268656716418 0.00390625 0.007462686567164179
0 0.599609375 0.2253731343283582 0.00390625 0.007462686567164179