0 0.546875 0.3944153577661431 0.0875 0.2198952879581152
0 0.001032986111111111 0.0005969621934096592 0.00007595486111111107 0.00020710933240743274
0 0.8677083333333333 0.2670157068062827 0.07291666666666667 0.11867364746945899
0 0.884375 0.7713787085514834 0.0875 0.2198952879581152
0 0.275 0.631762652705061 0.15729166666666666 0.3368237347294939
0 0.48020833333333335 0.35951134380453753 0.07291666666666667 0.11867364746945899
0 0.45625 0.3525305410122164 0.07291666666666667 0.11867364746945899
0 0.328125 0.3944153577661431 0.05 0.12041884816753927
0 0.035416666666666666 0.5549738219895288 0.07083333333333333 0.2198952879581152
0 0.0010123697916666666 0.0010964611715687618 0.00009114583333333324 0.00038376141004906685
0 0.09583333333333334 0.6509598603839442 0.0875 0.2198952879581152
0 0.3260416666666667 0.28097731239092494 0.07291666666666667 0.11867364746945899
0 0.209375 0.36649214659685864 0.07291666666666667 0.11867364746945899
0 0.027083333333333334 0.36649214659685864 0.05416666666666667 0.11867364746945899
0 0.621875 0.3682373472949389 0.07291666666666667 0.11867364746945899
0 0.07604166666666666 0.34205933682373474 0.07291666666666667 0.11867364746945899
0 0.8645833333333334 0.3682373472949389 0.07291666666666667 0.11867364746945899
0 0.025 0.2617801047120419 0.05 0.11867364746945899
0 0.38125 0.4607329842931937 0.0875 0.2198952879581152
0 0.6875 0.33856893542757416 0.07291666666666667 0.11867364746945899
0 0.18020833333333333 0.24083769633507854 0.07291666666666667 0.11867364746945899
0 0.49375 0.5671902268760908 0.0875 0.2198952879581152
0 0.709375 0.6369982547993019 0.19375 0.3682373472949389