0 0.5331877729257642 0.8323510150622135 0.08602620087336245 0.11132940406024885
0 0.6065502183406114 0.8513425016371972 0.08602620087336245 0.11132940406024885
0 0.9082969432314411 0.5422396856581533 0.062445414847161575 0.0962671905697446
0 0.00005205850384241338 0.0006351509973929217 0.000046719170114986365 0.0000947794533584306
0 0.9532751091703057 0.8375900458415193 0.08602620087336245 0.11132940406024885
0 0.6004366812227074 0.7668631303208906 0.07467248908296943 0.10674525212835625
0 0.6576419213973799 0.7085789129011133 0.07467248908296943 0.10674525212835625
0 0.7895196506550218 0.8657498362802881 0.08602620087336245 0.11132940406024885
0 0.12183406113537118 0.704649639816634 0.07467248908296943 0.10674525212835625
0 0.1091703056768559 0.9122462344466273 0.10698689956331878 0.14472822527832352
0 0.3624454148471616 0.8991486574983628 0.10698689956331878 0.14472822527832352
0 0.7152838427947599 0.8205631958087753 0.08602620087336245 0.11132940406024885
0 0.9131004366812228 0.6450556647020301 0.062445414847161575 0.0962671905697446
0 0.7620087336244541 0.639161755075311 0.062445414847161575 0.0962671905697446
0 0.30480349344978164 0.7131630648330058 0.07467248908296943 0.10674525212835625
0 0.26375545851528387 0.8978388998035364 0.10698689956331878 0.14472822527832352
0 0.7122270742358079 0.6679764243614931 0.062445414847161575 0.0962671905697446
0 0.00027802673480673516 0.000646301521317443 0.00004671917011498635 0.0000947794533584306
0 0.8017467248908297 0.6083824492468893 0.062445414847161575 0.0962671905697446
0 0.00034877290669514313 0.0006407262593551824 0.00004671917011498635 0.00009477945335843067
0 0.2606986899563319 0.7216764898493778 0.07467248908296943 0.10674525212835625
0 0.4200873362445415 0.6240995415848068 0.062445414847161575 0.0962671905697446
0 0.05414847161572053 0.7098886705959397 0.07467248908296943 0.10674525212835625
0 0.8353711790393014 0.8978388998035364 0.10698689956331878 0.14472822527832352
0 0.374235807860262 0.8074656188605108 0.08602620087336245 0.11132940406024885
0 0.0004345836273145058 0.0005476622712159089 0.000039472931484906844 0.0000810557316051737
0 0.00042257012642779503 0.0006077035538864079 0.00004671917011498635 0.00009477945335843067
0 0.8235807860262009 0.8094302554027505 0.08602620087336245 0.11132940406024885
0 0.1943231441048035 0.7491814014407334 0.07467248908296943 0.10674525212835625
0 0.027074235807860263 0.8185985592665357 0.05414847161572053 0.11132940406024885
0 0.42052401746724893 0.6941715782580222 0.07467248908296943 0.10674525212835625
0 0.11790393013100436 0.8238375900458416 0.08602620087336245 0.11132940406024885