0 0.5373134328358209 0.44627659574468087 0.012126865671641791 0.032446808510638296
0 0.22823383084577115 0.3558510638297872 0.010261194029850746 0.023404255319148935
0 0.8420398009950248 0.18085106382978725 0.006218905472636816 0.010638297872340425
0 0.4620646766169154 0.5127659574468085 0.012126865671641791 0.032446808510638296
0 0.20615671641791045 0.17659574468085107 0.006218905472636816 0.010638297872340425
0 0.2484452736318408 0.21329787234042552 0.006218905472636816 0.010638297872340425
0 0.41946517412935325 0.17393617021276594 0.006218905472636816 0.010638297872340425
0 0.027985074626865673 0.375 0.006840796019900498 0.011702127659574468
0 0.4228855721393035 0.3047872340425532 0.00808457711442786 0.011702127659574468
0 0.6421019900497512 0.18138297872340425 0.006218905472636816 0.010638297872340425
0 0.8765547263681592 0.16808510638297872 0.006218905472636816 0.010638297872340425
0 0.875 0.19042553191489361 0.006218905472636816 0.010638297872340425
0 0.3025497512437811 0.19787234042553192 0.006218905472636816 0.010638297872340425
0 0.43532338308457713 0.28085106382978725 0.00808457711442786 0.011702127659574468
0 0.13215174129353233 0.175 0.006218905472636816 0.010638297872340425
0 0.06654228855721393 0.25638297872340426 0.00808457711442786 0.013829787234042552
0 0.851679104477612 0.39148936170212767 0.010261194029850746 0.023404255319148935
0 0.7049129353233831 0.1973404255319149 0.006218905472636816 0.010638297872340425
0 0.8550995024875622 0.17925531914893617 0.006218905472636816 0.010638297872340425
0 0.8961442786069652 0.5111702127659574 0.012126865671641791 0.032446808510638296
0 0.9717039800995025 0.32553191489361705 0.010261194029850746 0.023404255319148935
0 0.11940298507462686 0.20797872340425533 0.006218905472636816 0.010638297872340425
0 0.5724502487562189 0.3723404255319149 0.010261194029850746 0.023404255319148935
0 0.6974502487562189 0.527127659574468 0.012126865671641791 0.032446808510638296
0 0.5006218905472637 0.22606382978723405 0.00808457711442786 0.014361702127659574
0 0.8314676616915423 0.1797872340425532 0.006218905472636816 0.010638297872340425
0 0.8930348258706468 0.19361702127659575 0.006218905472636816 0.010638297872340425
0 0.36069651741293535 0.43617021276595747 0.012126865671641791 0.032446808510638296
0 0.44029850746268656 0.16702127659574467 0.006218905472636816 0.010638297872340425
0 0.2733208955223881 0.38351063829787235 0.010261194029850746 0.023404255319148935
0 0.8305348258706468 0.5946808510638298 0.012126865671641791 0.032446808510638296
0 0.24409203980099503 0.1803191489361702 0.006218905472636816 0.010638297872340425
0 0.6962064676616916 0.19148936170212766 0.006218905472636816 0.010638297872340425
0 0.30379353233830847 0.3680851063829787 0.010261194029850746 0.023404255319148935
0 0.7024253731343284 0.17287234042553193 0.006218905472636816 0.010638297872340425
0 0.43283582089552236 0.33563829787234045 0.010261194029850746 0.023404255319148935
0 0.3774875621890547 0.2398936170212766 0.00808457711442786 0.011702127659574468
0 0.523320895522388 0.1702127659574468 0.006218905472636816 0.010638297872340425
0 0.5469527363184079 0.2643617021276596 0.00808457711442786 0.01702127659574468
0 0.6063432835820896 0.1776595744680851 0.006218905472636816 0.010638297872340425
0 0.5733830845771144 0.28829787234042553 0.00808457711442786 0.01702127659574468
0 0.4583333333333333 0.19361702127659575 0.006218905472636816 0.010638297872340425
0 0.2142412935323383 0.2872340425531915 0.00808457711442786 0.011702127659574468
0 0.5982587064676617 0.5478723404255319 0.012126865671641791 0.032446808510638296
0 0.5851990049751243 0.17819148936170212 0.006218905472636816 0.010638297872340425