0 0.7525 0.7025 0.0075 0.0125
0 0.7075 0.70875 0.0075 0.0125
0 0.6358333333333334 0.705 0.0075 0.0125
0 0.015833333333333335 0.73 0.0016666666666666668 0.0025
0 0.04416666666666667 0.74125 0.0016666666666666668 0.0025
0 0.12666666666666668 0.72 0.01 0.01625
0 0.67 0.72125 0.0075 0.0125
0 0.7433333333333333 0.695 0.0075 0.0125
0 0.035833333333333335 0.74125 0.0016666666666666668 0.0025
0 0.8083333333333333 0.68625 0.015 0.025
0 0.7691666666666667 0.69375 0.0075 0.0125
0 0.4475 0.73 0.0075 0.01
0 0.08916666666666667 0.7125 0.01 0.01625
0 0.58 0.66125 0.015 0.025
0 0.059166666666666666 0.73875 0.0016666666666666668 0.0025
0 0.8366666666666667 0.705 0.0125 0.02375
0 0.023333333333333334 0.74 0.0016666666666666668 0.0025
0 0.010833333333333334 0.7325 0.0016666666666666668 0.0025
0 0.0525 0.7375 0.0016666666666666668 0.0025
0 0.3575 0.69625 0.0125 0.02
0 0.24083333333333334 0.71875 0.006666666666666667 0.01625