0 0.42555771096023276 0.6224563953488372 0.08559650824442289 0.1282703488372093
0 0.8382638215324927 0.03651889534883721 0.053103782735208535 0.07303779069767442
0 0.36566440349175555 0.5603197674418605 0.06741028128031037 0.09883720930232558
0 0.6556741028128031 0.023982558139534885 0.053103782735208535 0.04796511627906977
0 0.13991270611057227 0.6075581395348837 0.08559650824442289 0.1282703488372093
0 0.5514064015518914 0.3997093023255814 0.05771096023278371 0.08757267441860465
0 0.799466537342386 0.09738372093023256 0.053103782735208535 0.07485465116279069
0 0.00023919033718076204 0.00013177519943212545 0.000013993928281470334 0.00003182146599513249
0 0.2844325897187197 0.32049418604651164 0.05771096023278371 0.08757267441860465
0 0.4042192046556741 0.18895348837209303 0.05771096023278371 0.08757267441860465
0 0.34990300678952474 0.38117732558139533 0.05771096023278371 0.08757267441860465
0 0.298011639185257 0.09193313953488372 0.053103782735208535 0.07485465116279069
0 0.9740543161978662 0.0267078488372093 0.0518913676042677 0.0534156976744186
0 0.8906401551891368 0.5287063953488372 0.06741028128031037 0.09883720930232558
0 0.3610572259941804 0.44040697674418605 0.06741028128031037 0.09883720930232558
0 0.7664888457807953 0.023074127906976744 0.053103782735208535 0.04614825581395349
0 0.9425315227934045 0.10646802325581395 0.053103782735208535 0.07485465116279069
0 0.15397672162948595 0.09447674418604651 0.053103782735208535 0.07485465116279069
0 0.38700290979631424 0.6606104651162791 0.08559650824442289 0.1282703488372093
0 0.3290494665373424 0.023619186046511628 0.053103782735208535 0.047238372093023256
0 0.8797284190106692 0.14716569767441862 0.053103782735208535 0.07485465116279069
0 0.06425800193986421 0.26598837209302323 0.05771096023278371 0.08757267441860465
0 0.7941319107662463 0.7231104651162791 0.08559650824442289 0.1282703488372093
0 0.00023713240655113405 0.00025694843496484583 0.00002075570035024806 0.000046609865129799864
0 0.47162948593598447 0.2194767441860465 0.05771096023278371 0.08757267441860465
0 0.815470417070805 0.203125 0.05771096023278371 0.08757267441860465
0 0.7289039767216294 0.049781976744186045 0.053103782735208535 0.07485465116279069
0 0.3603297769156159 0.2285610465116279 0.05771096023278371 0.08757267441860465
0 0.01951988360814743 0.6617005813953488 0.03903976721629486 0.1002906976744186
0 0.42798254122211443 0.27289244186046513 0.05771096023278371 0.08757267441860465
0 0.9602327837051406 0.05559593023255814 0.053103782735208535 0.07485465116279069
0 0.030310378273520854 0.7183866279069767 0.06062075654704171 0.10319767441860465
0 0.07201745877788555 0.38808139534883723 0.05771096023278371 0.08757267441860465
0 0.00023930793321674083 0.00010642365805840996 0.000013993928281470361 0.0000318214659951325
0 0.43671193016488846 0.4102470930232558 0.06741028128031037 0.09883720930232558
0 0.6670708050436469 0.11228197674418605 0.053103782735208535 0.07485465116279069
0 0.1966537342386033 0.24600290697674418 0.05771096023278371 0.08757267441860465
0 0.4122211445198836 0.056686046511627904 0.053103782735208535 0.07485465116279069
0 0.6993210475266731 0.5919331395348837 0.08559650824442289 0.1282703488372093
0 0.21968962172647916 0.4153343023255814 0.06741028128031037 0.09883720930232558
0 0.48569350145489815 0.6653343023255814 0.08559650824442289 0.1282703488372093
0 0.03152279340446169 0.37245639534883723 0.05771096023278371 0.08757267441860465
0 0.8188651794374394 0.3230377906976744 0.05771096023278371 0.08757267441860465
0 0.19204655674102813 0.07412790697674419 0.053103782735208535 0.07485465116279069
0 0.7538797284190106 0.2609011627906977 0.05771096023278371 0.08757267441860465
0 0.5257032007759457 0.3535610465116279 0.05771096023278371 0.08757267441860465
0 0.39209505334626577 0.02525436046511628 0.053103782735208535 0.05050872093023256
0 0.07759456838021339 0.0534156976744186 0.053103782735208535 0.07485465116279069
0 0.1813773035887488 0.14789244186046513 0.053103782735208535 0.07485465116279069
0 0.6476721629485936 0.22529069767441862 0.05771096023278371 0.08757267441860465
0 0.8506304558680893 0.264171511627907 0.05771096023278371 0.08757267441860465
0 0.20489815712900097 0.6762354651162791 0.08559650824442289 0.1282703488372093
0 0.9114936954413191 0.7049418604651163 0.08559650824442289 0.1282703488372093
0 0.8404461687681862 0.5257994186046512 0.06741028128031037 0.09883720930232558
0 0.7480601357904947 0.4055232558139535 0.06741028128031037 0.09883720930232558
0 0.30916585838991273 0.032703488372093026 0.053103782735208535 0.06540697674418605
0 0.3719689621726479 0.31540697674418605 0.05771096023278371 0.08757267441860465
0 0.6229388942774006 0.44113372093023256 0.06741028128031037 0.09883720930232558
0 0.22817652764306498 0.0267078488372093 0.053103782735208535 0.0534156976744186
0 0.0863239573229874 0.5236191860465116 0.06741028128031037 0.09883720930232558
0 0.40955383123181377 0.12718023255813954 0.053103782735208535 0.07485465116279069
0 0.719447138700291 0.19186046511627908 0.05771096023278371 0.08757267441860465
0 0.16755577109602326 0.5039970930232558 0.06741028128031037 0.09883720930232558
0 0.2519398642095053 0.7340116279069767 0.08559650824442289 0.1282703488372093
0 0.29413191076624634 0.7140261627906976 0.08559650824442289 0.1282703488372093
0 0.6806498545101843 0.5003633720930233 0.06741028128031037 0.09883720930232558
0 0.5186711930164889 0.028706395348837208 0.053103782735208535 0.057412790697674417
0 0.018186226964112512 0.1159156976744186 0.036372453928225024 0.07485465116279069
0 0.2061105722599418 0.022165697674418606 0.053103782735208535 0.04433139534883721
0 0.5545586808923375 0.07739825581395349 0.053103782735208535 0.07485465116279069
0 0.7388457807953444 0.3179505813953488 0.05771096023278371 0.08757267441860465
0 0.8651794374393792 0.3710029069767442 0.05771096023278371 0.08757267441860465
0 0.1629485935984481 0.3898982558139535 0.05771096023278371 0.08757267441860465
0 0.8496605237633366 0.048328488372093026 0.053103782735208535 0.07485465116279069
0 0.49005819592628513 0.41969476744186046 0.06741028128031037 0.09883720930232558
0 0.8404461687681862 0.6173691860465116 0.08559650824442289 0.1282703488372093
0 0.9204655674102813 0.21002906976744187 0.05771096023278371 0.08757267441860465
0 0.5504364694471388 0.14825581395348839 0.053103782735208535 0.07485465116279069
0 0.871968962172648 0.21693313953488372 0.05771096023278371 0.08757267441860465
0 0.3627546071774976 0.17369186046511628 0.05771096023278371 0.08757267441860465
0 0.5404946653734238 0.5661337209302325 0.06741028128031037 0.09883720930232558
0 0.5950533462657615 0.8168604651162791 0.08559650824442289 0.1282703488372093
0 0.06571290009699321 0.025799418604651164 0.053103782735208535 0.05159883720930233
0 0.6804073714839961 0.048328488372093026 0.053103782735208535 0.07485465116279069
0 0.6711930164888458 0.27252906976744184 0.05771096023278371 0.08757267441860465
0 0.09165858389912707 0.1282703488372093 0.053103782735208535 0.07485465116279069
0 0.5038797284190106 0.12100290697674419 0.053103782735208535 0.07485465116279069
0 0.5574684772065955 0.0325218023255814 0.053103782735208535 0.0650436046511628
0 0.14088263821532493 0.31359011627906974 0.05771096023278371 0.08757267441860465