0 0.826530612244898 0.7074829931972789 0.00510204081632653 0.009070294784580499
0 0.6926020408163265 0.873015873015873 0.015306122448979591 0.02947845804988662
0 0.4005102040816326 0.7301587301587301 0.00510204081632653 0.009070294784580499
0 0.0548469387755102 0.8367346938775511 0.00510204081632653 0.009070294784580499
0 0.7755102040816326 0.9546485260770975 0.015306122448979591 0.02947845804988662
0 0.03443877551020408 0.7959183673469388 0.00510204081632653 0.009070294784580499
0 0.45153061224489793 0.81859410430839 0.015306122448979591 0.02947845804988662
0 0.19387755102040816 0.8707482993197279 0.00510204081632653 0.009070294784580499
0 0.6262755102040817 0.9841269841269841 0.015306122448979591 0.02947845804988662
0 0.20535714285714285 0.8072562358276644 0.00510204081632653 0.009070294784580499
0 0.8405612244897959 0.7120181405895691 0.00510204081632653 0.009070294784580499
0 0.17219387755102042 0.7029478458049887 0.00510204081632653 0.009070294784580499
0 0.38137755102040816 0.7006802721088435 0.00510204081632653 0.009070294784580499
0 0.35841836734693877 0.7142857142857143 0.00510204081632653 0.009070294784580499
0 0.46683673469387754 0.8321995464852607 0.015306122448979591 0.02947845804988662
0 0.7895408163265306 0.9705215419501134 0.015306122448979591 0.02947845804988662
0 0.02295918367346939 0.7301587301587301 0.00510204081632653 0.009070294784580499
0 0.14668367346938777 0.8321995464852607 0.00510204081632653 0.009070294784580499
0 0.125 0.7052154195011338 0.00510204081632653 0.009070294784580499
0 0.7142857142857143 0.8934240362811792 0.015306122448979591 0.02947845804988662
0 0.5892857142857143 0.7936507936507936 0.015306122448979591 0.02947845804988662
0 0.016581632653061226 0.8231292517006803 0.00510204081632653 0.009070294784580499
0 0.08673469387755102 0.7482993197278912 0.00510204081632653 0.009070294784580499
0 0.9247448979591837 0.7074829931972789 0.01403061224489796 0.034013605442176874
0 0.22831632653061223 0.8412698412698413 0.00510204081632653 0.009070294784580499
0 0.30994897959183676 0.7346938775510204 0.00510204081632653 0.009070294784580499
0 0.4770408163265306 0.8276643990929705 0.015306122448979591 0.02947845804988662
0 0.7818877551020408 0.7868480725623582 0.015306122448979591 0.02947845804988662