0 0.8083333333333333 0.12642857142857142 0.12083333333333333 0.25285714285714284
0 0.03625 0.38 0.0725 0.24857142857142858
0 0.74 0.10357142857142858 0.12083333333333333 0.20714285714285716
0 0.6283333333333333 0.14714285714285713 0.12083333333333333 0.2714285714285714
0 0.30083333333333334 0.11928571428571429 0.12083333333333333 0.23857142857142857
0 0.21 0.32 0.1125 0.22714285714285715
0 0.07083333333333333 0.1657142857142857 0.12083333333333333 0.2714285714285714
0 0.13666666666666666 0.09642857142857143 0.12083333333333333 0.19285714285714287
0 0.4058333333333333 0.15 0.12083333333333333 0.2714285714285714
0 0.7025 0.32285714285714284 0.15583333333333332 0.27714285714285714
0 0.2808333333333333 0.09785714285714285 0.12083333333333333 0.1957142857142857
0 0.5125 0.4 0.15583333333333332 0.27714285714285714
0 0.4725 0.13857142857142857 0.12083333333333333 0.2714285714285714
0 0.2808333333333333 0.30428571428571427 0.1125 0.22714285714285715