0 0.51 0.5074135090609555 0.005555555555555556 0.008237232289950576
0 0.07111111111111111 0.6408566721581549 0.011111111111111112 0.026359143327841845
0 0.5466666666666666 0.6490939044481054 0.011111111111111112 0.026359143327841845
0 0.1711111111111111 0.6688632619439868 0.011111111111111112 0.026359143327841845
0 0.7577777777777778 0.5189456342668863 0.005555555555555556 0.008237232289950576
0 0.3011111111111111 0.685337726523888 0.011111111111111112 0.026359143327841845
0 0.5033333333333333 0.7116968698517299 0.011111111111111112 0.026359143327841845
0 0.6766666666666666 0.5172981878088962 0.005555555555555556 0.008237232289950576
0 0.7144444444444444 0.5667215815485996 0.005555555555555556 0.008237232289950576
0 0.7155555555555555 0.5766062602965404 0.005555555555555556 0.008237232289950576
0 0.8955555555555555 0.5107084019769358 0.005555555555555556 0.008237232289950576
0 0.27111111111111114 0.49917627677100496 0.005555555555555556 0.008237232289950576
0 0.3711111111111111 0.5963756177924218 0.011111111111111112 0.026359143327841845
0 0.6922222222222222 0.6474464579901154 0.011111111111111112 0.026359143327841845
0 0.8688888888888889 0.6194398682042833 0.011111111111111112 0.026359143327841845
0 0.4622222222222222 0.6408566721581549 0.011111111111111112 0.026359143327841845
0 0.7855555555555556 0.6771004942339374 0.011111111111111112 0.026359143327841845
0 0.6466666666666666 0.6359143327841845 0.011111111111111112 0.026359143327841845
0 0.19777777777777777 0.6474464579901154 0.011111111111111112 0.026359143327841845
0 0.57 0.5766062602965404 0.005555555555555556 0.008237232289950576
0 0.7655555555555555 0.71334431630972 0.011111111111111112 0.026359143327841845
0 0.30666666666666664 0.6556836902800659 0.011111111111111112 0.026359143327841845
0 0.32555555555555554 0.5074135090609555 0.005555555555555556 0.008237232289950576
0 0.17888888888888888 0.6326194398682042 0.011111111111111112 0.026359143327841845
0 0.6588888888888889 0.642504118616145 0.011111111111111112 0.026359143327841845
0 0.8677777777777778 0.6474464579901154 0.011111111111111112 0.026359143327841845
0 0.5944444444444444 0.6457990115321252 0.011111111111111112 0.026359143327841845
0 0.57 0.7051070840197694 0.011111111111111112 0.026359143327841845
0 0.17444444444444446 0.515650741350906 0.005555555555555556 0.008237232289950576
0 0.67 0.515650741350906 0.005555555555555556 0.008237232289950576
0 0.12777777777777777 0.6672158154859967 0.011111111111111112 0.026359143327841845
0 0.41444444444444445 0.6738056013179572 0.011111111111111112 0.026359143327841845
0 0.39666666666666667 0.5815485996705108 0.005555555555555556 0.008237232289950576
0 0.025555555555555557 0.5535420098846787 0.005555555555555556 0.008237232289950576
0 0.5177777777777778 0.528830313014827 0.005555555555555556 0.008237232289950576
0 0.014444444444444444 0.5387149917627677 0.005555555555555556 0.008237232289950576
0 0.5533333333333333 0.6227347611202636 0.011111111111111112 0.026359143327841845
0 0.7888888888888889 0.5057660626029654 0.005555555555555556 0.008237232289950576
0 0.94 0.6622734761120264 0.011111111111111112 0.026359143327841845
0 0.10444444444444445 0.6342668863261944 0.011111111111111112 0.026359143327841845