0 0.35333333333333333 0.585 0.09916666666666667 0.20625
0 0.3858333333333333 0.11625 0.030833333333333334 0.05625
0 0.7291666666666666 0.8425 0.175 0.2975
0 0.85 0.009375 0.019166666666666665 0.01875
0 0.46166666666666667 0.23375 0.04416666666666667 0.07
0 0.5783333333333334 0.0425 0.030833333333333334 0.05625
0 0.5841666666666666 0.83625 0.175 0.2975
0 0.6733333333333333 0.024375 0.030833333333333334 0.04875
0 0.8483333333333334 0.3075 0.08666666666666667 0.17875
0 0.8641666666666666 0.72625 0.175 0.2975
0 0.1225 0.77375 0.0825 0.18875
0 0.3225 0.01125 0.0225 0.0225
0 0.8191666666666667 0.18375 0.04416666666666667 0.07
0 0.58 0.5025 0.08666666666666667 0.17875
0 0.2975 0.3875 0.08666666666666667 0.17875
0 0.7108333333333333 0.63 0.09916666666666667 0.20625
0 0.9870833333333333 0.130625 0.025833333333333333 0.05625
0 0.8591666666666666 0.10125 0.030833333333333334 0.05625
0 0.5091666666666667 0.41625 0.08666666666666667 0.17875
0 0.20333333333333334 0.40875 0.08666666666666667 0.17875
0 0.5033333333333333 0.57625 0.09916666666666667 0.20625
0 0.5291666666666667 0.023125 0.030833333333333334 0.04625
0 0.09916666666666667 0.0225 0.030833333333333334 0.045
0 0.4525 0.3375 0.08666666666666667 0.17875
0 0.0008118055555555555 0.0009328124999999999 0.00009930555555555554 0.0003468750000000001
0 0.245 0.025 0.030833333333333334 0.05
0 0.5066666666666667 0.0625 0.030833333333333334 0.05625
0 0.335 0.09125 0.030833333333333334 0.05625
0 0.7866666666666666 0.0525 0.030833333333333334 0.05625
0 0.6391666666666667 0.215 0.04416666666666667 0.07
0 0.305 0.2325 0.04416666666666667 0.07
0 0.7316666666666667 0.02625 0.030833333333333334 0.0525