0 0.03909090909090909 0.44672131147540983 0.07818181818181819 0.2540983606557377
0 0.5590909090909091 0.025273224043715847 0.03727272727272727 0.050546448087431695
0 0.5345454545454545 0.3087431693989071 0.15181818181818182 0.2540983606557377
0 0.85 0.8456284153005464 0.1890909090909091 0.27595628415300544
0 0.0004685950413223141 0.0012448117292245214 0.00010413223140495864 0.0003247334945803099
0 0.20909090909090908 0.29508196721311475 0.09727272727272727 0.20491803278688525
0 0.8936363636363637 0.3292349726775956 0.15181818181818182 0.2540983606557377
0 0.4027272727272727 0.8333333333333334 0.11454545454545455 0.23770491803278687
0 0.053181818181818184 0.7213114754098361 0.10636363636363637 0.226775956284153
0 0.5209090909090909 0.5218579234972678 0.11272727272727273 0.22540983606557377
0 0.8936363636363637 0.5765027322404371 0.09181818181818181 0.18442622950819673
0 0.11090909090909092 0.6174863387978142 0.12 0.226775956284153
0 0.00035867768595041323 0.0012466780136761325 0.00010413223140495864 0.0003247334945803099
0 0.0008958677685950414 0.0008566245632894383 0.00008347107438016537 0.00025194840096748176
0 0.9463636363636364 0.5573770491803278 0.09181818181818181 0.18442622950819673
0 0.3881818181818182 0.5191256830601093 0.11272727272727273 0.22540983606557377