0 0.31166666666666665 0.1606022584692597 0.049166666666666664 0.07528230865746549
0 0.10666666666666667 0.35257214554579674 0.050833333333333335 0.07653701380175659
0 0.5858333333333333 0.4127979924717691 0.050833333333333335 0.07653701380175659
0 0.0007590277777777778 0.0012405365792990967 0.000036111111111111204 0.00013538850992350561
0 0.8891666666666667 0.06273525721455459 0.049166666666666664 0.07528230865746549
0 0.8183333333333334 0.02132998745294856 0.049166666666666664 0.04265997490589712
0 0.6816666666666666 0.06398996235884567 0.049166666666666664 0.07528230865746549
0 0.8166666666666667 0.2095357590966123 0.049166666666666664 0.07528230865746549
0 0.37166666666666665 0.026976160602258468 0.049166666666666664 0.053952321204516936
0 0.8533333333333334 0.5457967377666249 0.03833333333333333 0.08406524466750313
0 0.9441666666666667 0.1342534504391468 0.049166666666666664 0.07528230865746549
0 0.9325 0.4316185696361355 0.050833333333333335 0.07653701380175659
0 0.0225 0.4366373902132999 0.045 0.07653701380175659
0 0.7391666666666666 0.27854454203262236 0.050833333333333335 0.07653701380175659
0 0.625 0.23086574654956085 0.050833333333333335 0.07653701380175659
0 0.15166666666666667 0.5457967377666249 0.0375 0.07653701380175659
0 0.7016666666666667 0.39648682559598497 0.050833333333333335 0.07653701380175659
0 0.4841666666666667 0.03638644918444166 0.049166666666666664 0.07277289836888332
0 0.42083333333333334 0.29234629861982436 0.050833333333333335 0.07653701380175659
0 0.8883333333333333 0.1191969887076537 0.049166666666666664 0.07528230865746549
0 0.56 0.05897114178168131 0.049166666666666664 0.07528230865746549
0 0.23833333333333334 0.32496863237139273 0.050833333333333335 0.07653701380175659
0 0.0005180555555555556 0.0012452594342964285 0.00003958333333333341 0.00013223993992528453
0 0.31 0.21706398996235884 0.049166666666666664 0.07528230865746549
0 0.2791666666666667 0.03450439146800502 0.049166666666666664 0.06900878293601004
0 0.5483333333333333 0.19071518193224593 0.049166666666666664 0.07528230865746549
0 0.7158333333333333 0.11417816813048934 0.049166666666666664 0.07528230865746549
0 0.5025 0.29234629861982436 0.050833333333333335 0.07653701380175659
0 0.0008277777777777778 0.00004722854997331587 0.00004097222222222215 0.00009445709994663173
0 0.9566666666666667 0.38143036386449186 0.050833333333333335 0.07653701380175659
0 0.03166666666666667 0.9372647427854455 0.0475 0.1053952321204517
0 0.71 0.020075282308657464 0.049166666666666664 0.04015056461731493
0 0.18666666666666668 0.028230865746549563 0.049166666666666664 0.056461731493099125
0 0.21 0.09786700125470514 0.049166666666666664 0.07528230865746549
0 0.08083333333333333 0.7728983688833124 0.0475 0.1053952321204517
0 0.2791666666666667 0.45671267252195735 0.050833333333333335 0.07653701380175659
0 0.13416666666666666 0.3751568381430364 0.050833333333333335 0.07653701380175659
0 0.016666666666666666 0.6424090338770388 0.03333333333333333 0.11543287327478043
0 0.6733333333333333 0.5407779171894604 0.06583333333333333 0.11543287327478043
0 0.9008333333333334 0.2258469259723965 0.049166666666666664 0.07528230865746549
0 0.24083333333333334 0.4604767879548306 0.050833333333333335 0.07653701380175659
0 0.44666666666666666 0.09912170639899624 0.049166666666666664 0.07528230865746549
0 0.3408333333333333 0.34002509410288584 0.050833333333333335 0.07653701380175659
0 0.6633333333333333 0.1794228356336261 0.049166666666666664 0.07528230865746549
0 0.8225 0.37766624843161856 0.050833333333333335 0.07653701380175659
0 0.7216666666666667 0.4479297365119197 0.050833333333333335 0.07653701380175659
0 0.2775 0.7892095357590966 0.0475 0.1053952321204517
0 0.9766666666666667 0.2816813048933501 0.04666666666666667 0.07653701380175659
0 0.6141666666666666 0.7641154328732748 0.0475 0.1053952321204517
0 0.5108333333333334 0.4993726474278545 0.050833333333333335 0.07653701380175659
0 0.0008319444444444444 0.0007336168095855066 0.000045138888888888914 0.000107051379939516
0 0.425 0.8670012547051443 0.0475 0.1053952321204517
0 0.07666666666666666 0.04642409033877039 0.049166666666666664 0.07528230865746549
0 0.3325 0.07151819322459223 0.049166666666666664 0.07528230865746549
0 0.0006118055555555555 0.0012436851492973178 0.00003958333333333341 0.0001322399399252844
0 0.39416666666666667 0.7478042659974906 0.0475 0.1053952321204517
0 0.37166666666666665 0.4190715181932246 0.050833333333333335 0.07653701380175659
0 0.17916666666666667 0.20326223337515684 0.049166666666666664 0.07528230865746549
0 0.4633333333333333 0.35382685069008785 0.050833333333333335 0.07653701380175659
0 0.795 0.05520702634880803 0.049166666666666664 0.07528230865746549