0 0.28771929824561404 0.4321475625823452 0.10526315789473684 0.19499341238471674
0 0.793859649122807 0.13438735177865613 0.05263157894736842 0.11330698287220026
0 0.2307017543859649 0.05862977602108037 0.09385964912280702 0.11725955204216074
0 0.7350877192982456 0.05533596837944664 0.05263157894736842 0.11067193675889328
0 0.4921052631578947 0.42292490118577075 0.09824561403508772 0.17654808959156784
0 0.0008518005540166206 0.0004235515491745084 0.00008618036318867341 0.00023260617864501697
0 0.3447368421052632 0.07114624505928854 0.08070175438596491 0.13965744400527008
0 0.6228070175438597 0.11857707509881422 0.04912280701754386 0.10408432147562582
0 0.975 0.04413702239789196 0.05 0.08827404479578392
0 0.7043859649122807 0.5072463768115942 0.09824561403508772 0.17654808959156784
0 0.5271929824561403 0.19499341238471674 0.08333333333333333 0.12384716732542819
0 0.06842105263157895 0.4005270092226614 0.10526315789473684 0.19499341238471674
0 0.3087719298245614 0.06389986824769434 0.08771929824561403 0.12779973649538867
0 0.5710526315789474 0.08168642951251646 0.035964912280701755 0.06719367588932806
0 0.2657894736842105 0.061923583662714096 0.09210526315789473 0.12384716732542819
0 0.10350877192982456 0.20816864295125165 0.08333333333333333 0.12384716732542819
0 0.47017543859649125 0.24110671936758893 0.08333333333333333 0.12384716732542819
0 0.6605263157894737 0.41238471673254284 0.09824561403508772 0.17654808959156784
0 0.0912280701754386 0.08300395256916997 0.08859649122807017 0.12384716732542819
0 0.8710526315789474 0.1673254281949934 0.08333333333333333 0.12384716732542819
0 0.0008671899045860264 0.0005572133085451525 0.00008618036318867352 0.00023260617864501697
0 0.43508771929824563 0.3675889328063241 0.09824561403508772 0.17654808959156784
0 0.9070175438596492 0.45454545454545453 0.09824561403508772 0.17654808959156784
0 0.7701754385964912 0.32938076416337286 0.09824561403508772 0.17654808959156784