0 0.7549019607843137 0.8308823529411765 0.04738562091503268 0.0857843137254902
0 0.8643790849673203 0.8186274509803921 0.04738562091503268 0.0857843137254902
0 0.5947712418300654 0.9019607843137255 0.11437908496732026 0.17892156862745098
0 0.5 0.803921568627451 0.04738562091503268 0.0857843137254902
0 0.49673202614379086 0.8578431372549019 0.04738562091503268 0.0857843137254902
0 0.0013803451663889957 0.00229479046520569 0.00018689392968516388 0.00043853325643983064
0 0.5571895424836601 0.8259803921568627 0.04738562091503268 0.0857843137254902
0 0.09313725490196079 0.8308823529411765 0.04738562091503268 0.0857843137254902
0 0.9607843137254902 0.8112745098039216 0.04738562091503268 0.0857843137254902
0 0.31699346405228757 0.8259803921568627 0.04738562091503268 0.0857843137254902
0 0.4411764705882353 0.8161764705882353 0.04738562091503268 0.0857843137254902
0 0.0016233072749797088 0.002234717416378316 0.00013082575077961477 0.00032439446366782