0 0.0187694044594976 0.6736111111111112 0.0375388089189952 0.2628968253968254
0 0.03979678238780694 0.16765873015873015 0.07959356477561388 0.17956349206349206
0 0.7098504092576913 0.6374007936507936 0.17217047699689528 0.3968253968253968
0 0.467118261360429 0.0798611111111111 0.14055884843353092 0.1597222222222222
0 0.47502116850127013 0.6597222222222222 0.16991250352808354 0.37103174603174605
0 0.2043465989274626 0.23065476190476192 0.1100762066045724 0.17956349206349206
0 0.873271239062941 0.042162698412698416 0.1450747953711544 0.08432539682539683
0 0.18261360429014958 0.8521825396825397 0.16257408975444537 0.28869047619047616
0 0.053909116567880326 0.4975198412698413 0.10781823313576065 0.2524801587301587
0 0.1388653683319221 0.05580357142857143 0.1100762066045724 0.11160714285714286
0 0.37538808918995203 0.2663690476190476 0.1301157211402766 0.25148809523809523
0 0.5774767146486028 0.08531746031746032 0.14055884843353092 0.17063492063492064