0 0.00037500000000000006 0.0011546875 0.00008750000000000003 0.00027968750000000015
0 0.3125 0.47875 0.03833333333333333 0.0675
0 0.7308333333333333 0.5825 0.041666666666666664 0.08
0 0.9491666666666667 0.26625 0.0125 0.02625
0 0.9516666666666667 0.3275 0.023333333333333334 0.0325
0 0.815 0.7125 0.06583333333333333 0.1175
0 0.37333333333333335 0.2375 0.0125 0.02625
0 0.0006215277777777778 0.001225 0.00008749999999999999 0.0002796874999999999
0 0.24833333333333332 0.23875 0.0125 0.02625
0 0.034166666666666665 0.545 0.06833333333333333 0.15875
0 0.905 0.2775 0.0125 0.02625
0 0.18583333333333332 0.25 0.0125 0.02625
0 0.9025 0.5375 0.041666666666666664 0.08
0 0.5333333333333333 0.29375 0.023333333333333334 0.0325
0 0.9383333333333334 0.35375 0.023333333333333334 0.0325
0 0.3516666666666667 0.42125 0.03833333333333333 0.0675
0 0.7183333333333334 0.6925 0.06583333333333333 0.1175
0 0.3566666666666667 0.38375 0.03833333333333333 0.0675
0 0.9075 0.835 0.105 0.22375
0 0.0008118055555555555 0.001196875 0.00008749999999999999 0.0002796874999999999
0 0.205 0.35375 0.023333333333333334 0.0325
0 0.0625 0.39125 0.03833333333333333 0.0675
0 0.6966666666666667 0.475 0.041666666666666664 0.08
0 0.26916666666666667 0.24125 0.0125 0.02625
0 0.6016666666666667 0.56875 0.041666666666666664 0.08
0 0.00011736111111111112 0.0011562500000000002 0.00008749999999999999 0.0002796874999999999
0 0.5208333333333334 0.305 0.023333333333333334 0.0325
0 0.9258333333333333 0.37875 0.03833333333333333 0.0675
0 0.695 0.3125 0.023333333333333334 0.0325
0 0.6158333333333333 0.45375 0.03833333333333333 0.0675
0 0.8616666666666667 0.52 0.041666666666666664 0.08
0 0.8125 0.285 0.023333333333333334 0.0325
0 0.23583333333333334 0.2925 0.023333333333333334 0.0325
0 0.7366666666666667 0.3475 0.023333333333333334 0.0325
0 0.015416666666666667 0.365 0.030833333333333334 0.1125
0 0.43333333333333335 0.24125 0.0125 0.02625
0 0.7633333333333333 0.54375 0.041666666666666664 0.08
0 0.8966666666666666 0.44625 0.03833333333333333 0.0675
0 0.43583333333333335 0.38625 0.03833333333333333 0.0675
0 0.5875 0.8225 0.105 0.22375
0 0.325 0.6825 0.06583333333333333 0.1175
0 0.4275 0.42375 0.03833333333333333 0.0675
0 0.2 0.45 0.03833333333333333 0.0675
0 0.5 0.56875 0.041666666666666664 0.08
0 0.7008333333333333 0.62625 0.06583333333333333 0.1175
0 0.00022152777777777777 0.0012078125000000001 0.00008749999999999999 0.0002796874999999999
0 0.9675 0.52375 0.041666666666666664 0.08
0 0.9258333333333333 0.2975 0.023333333333333334 0.0325
0 0.13583333333333333 0.49625 0.07583333333333334 0.15875
0 0.0275 0.38625 0.03833333333333333 0.0675
0 0.7308333333333333 0.38125 0.03833333333333333 0.0675
0 0.9783333333333334 0.38375 0.03833333333333333 0.0675
0 0.7558333333333334 0.29375 0.023333333333333334 0.0325
0 0.49833333333333335 0.4475 0.03833333333333333 0.0675
0 0.5091666666666667 0.715 0.06583333333333333 0.1175
0 0.6991666666666667 0.40375 0.03833333333333333 0.0675
0 0.8166666666666667 0.54625 0.041666666666666664 0.08
0 0.9391666666666667 0.375 0.03833333333333333 0.0675
0 0.33916666666666667 0.25 0.0125 0.02625
0 0.01625 0.3275 0.0325 0.09
0 0.017916666666666668 0.44 0.035833333333333335 0.1125
0 0.8333333333333334 0.28625 0.023333333333333334 0.0325
0 0.7116666666666667 0.37 0.03833333333333333 0.0675
0 0.6908333333333333 0.32125 0.023333333333333334 0.0325
0 0.16083333333333333 0.40125 0.03833333333333333 0.0675
0 0.7283333333333334 0.235 0.0125 0.02625
0 0.18083333333333335 0.69875 0.06583333333333333 0.1175
0 0.1 0.61625 0.07583333333333334 0.15875
0 0.825 0.37375 0.03833333333333333 0.0675
0 0.245 0.32125 0.023333333333333334 0.0325
0 0.12083333333333333 0.4525 0.03833333333333333 0.0675
0 0.7158333333333333 0.25125 0.0125 0.02625
0 0.4083333333333333 0.285 0.023333333333333334 0.0325
0 0.7758333333333334 0.5175 0.041666666666666664 0.08
0 0.6725 0.56 0.041666666666666664 0.08