0 0.96875 0.168 0.04 0.082
0 0.97875 0.535 0.0425 0.09
0 0.435 0.156 0.04 0.082
0 0.94125 0.29 0.04 0.088
0 0.45 0.526 0.05875 0.102
0 0.20625 0.943 0.06875 0.114
0 0.955 0.04 0.04 0.08
0 0.52125 0.146 0.04 0.082
0 0.5725 0.516 0.06125 0.122
0 0.72875 0.028 0.04 0.056
0 0.8175 0.724 0.06375 0.11
0 0.4625 0.072 0.04 0.082
0 0.915 0.912 0.06875 0.12
0 0.44625 0.746 0.06375 0.116
0 0.0005140625 0.001976 0.00008593749999999997 0.00024000000000000022
0 0.81625 0.864 0.06875 0.12
0 0.265 0.464 0.05875 0.102
0 0.5025 0.086 0.04 0.082
0 0.69875 0.17 0.04 0.082
0 0.024375 0.882 0.04875 0.114
0 0.88625 0.87 0.06875 0.12
0 0.05875 0.322 0.04 0.088
0 0.40625 0.902 0.06875 0.12
0 0.25375 0.852 0.06875 0.12
0 0.26875 0.736 0.06375 0.11
0 0.67 0.356 0.04 0.088
0 0.970625 0.675 0.05875 0.102
0 0.05875 0.536 0.05875 0.102
0 0.0012328125 0.0019119999999999999 0.00007968749999999997 0.00021999999999999998
0 0.4725 0.28 0.04 0.088
0 0.0625 0.816 0.06875 0.12
0 0.00026875 0.002036 0.00008593750000000004 0.00024000000000000022
0 0.38125 0.698 0.05875 0.102
0 0.565 0.336 0.04 0.088
0 0.3025 0.214 0.04 0.088
0 0.87 0.054 0.04 0.082
0 0.42875 0.037 0.04 0.074
0 0.82125 0.37 0.04 0.088
0 0.35875 0.278 0.04 0.088
0 0.6825 0.08 0.04 0.082
0 0.76625 0.142 0.04 0.082
0 0.655 0.728 0.0525 0.104
0 0.48625 0.332 0.04 0.088
0 0.765 0.59 0.05875 0.102
0 0.9075 0.13 0.04 0.082
0 0.20875 0.778 0.06875 0.12
0 0.63875 0.04 0.04 0.08
0 0.17 0.416 0.05125 0.098
0 0.81625 0.102 0.04 0.082