0 0.49 0.4222222222222222 0.055 0.10444444444444445
0 0.0008833333333333334 0.002202469135802469 0.00017499999999999997 0.00034074074074074047
0 0.5666666666666667 0.4444444444444444 0.055 0.10444444444444445
0 0.3016666666666667 0.33111111111111113 0.07166666666666667 0.13333333333333333
0 0.26 0.21777777777777776 0.075 0.1622222222222222
0 0.6916666666666667 0.3488888888888889 0.175 0.2644444444444444
0 0.03916666666666667 0.37333333333333335 0.07833333333333334 0.20666666666666667
0 0.8433333333333334 0.28 0.075 0.1688888888888889
0 0.175 0.24444444444444444 0.075 0.1622222222222222
0 0.485 0.33111111111111113 0.04 0.06
0 0.96 0.18 0.075 0.1688888888888889
0 0.4775 0.9266666666666666 0.105 0.14666666666666667
0 0.5416666666666666 0.3511111111111111 0.04 0.06
0 0.42833333333333334 0.33111111111111113 0.08666666666666667 0.14888888888888888
0 0.055 0.28888888888888886 0.09833333333333333 0.20666666666666667