0 0.47258064516129034 0.6035502958579881 0.06935483870967742 0.15976331360946747
0 0.20806451612903226 0.03550295857988166 0.054838709677419356 0.07100591715976332
0 0.5338709677419354 0.04585798816568047 0.0532258064516129 0.09171597633136094
0 0.8161290322580645 0.32840236686390534 0.05967741935483871 0.14201183431952663
0 0.0005619146722164412 0.0028185287629984945 0.00011186264308012484 0.0004726725254717973
0 0.6387096774193548 0.11834319526627218 0.05 0.13313609467455623
0 0.8935483870967742 0.665680473372781 0.06935483870967742 0.15976331360946747
0 0.3258064516129032 0.5769230769230769 0.06935483870967742 0.15976331360946747
0 0.1596774193548387 0.8905325443786982 0.06935483870967742 0.15976331360946747
0 0.6629032258064517 0.05029585798816568 0.0532258064516129 0.10059171597633136
0 0.9129032258064517 0.23372781065088757 0.05 0.13313609467455623
0 0.49838709677419357 0.17751479289940827 0.05 0.13313609467455623
0 0.3096774193548387 0.3520710059171598 0.05967741935483871 0.14201183431952663
0 0.853225806451613 0.03254437869822485 0.0532258064516129 0.0650887573964497
0 0.19193548387096773 0.21005917159763313 0.05 0.13313609467455623
0 0.8354838709677419 0.16568047337278108 0.05 0.13313609467455623
0 0.017741935483870968 0.34023668639053256 0.035483870967741936 0.14201183431952663
0 0.49838709677419357 0.3727810650887574 0.05967741935483871 0.14201183431952663
0 0.7161290322580646 0.5828402366863905 0.12419354838709677 0.2455621301775148
0 0.1693548387096774 0.3047337278106509 0.05967741935483871 0.14201183431952663
0 0.3241935483870968 0.1863905325443787 0.05 0.13313609467455623
0 0.3564516129032258 0.03994082840236687 0.0532258064516129 0.07988165680473373
0 0.0014750260145681583 0.002862294737579216 0.00011186264308012484 0.0004726725254717973
0 0.14838709677419354 0.514792899408284 0.06935483870967742 0.15976331360946747