0 0.000494 0.0009551458847437945 0.00005099999999999999 0.0003353171723036726
0 0.0004962500000000001 0.0006648279866453767 0.00005100000000000005 0.0003353171723036726
0 0.377 0.7843373493975904 0.102 0.2783132530120482
0 0.7295 0.16987951807228915 0.0575 0.13493975903614458
0 0.2675 0.6325301204819277 0.102 0.2783132530120482
0 0.036 0.18433734939759036 0.0575 0.13493975903614458
0 0.9465 0.14216867469879518 0.0575 0.13493975903614458
0 0.5845 0.21445783132530122 0.065 0.18433734939759036
0 0.1 0.15180722891566265 0.0575 0.13493975903614458
0 0.1895 0.06746987951807229 0.0575 0.13493975903614458
0 0.4665 0.0927710843373494 0.0575 0.13493975903614458
0 0.9205 0.5626506024096386 0.102 0.2783132530120482
0 0.0885 0.3216867469879518 0.065 0.18433734939759036
0 0.26 0.1530120481927711 0.0575 0.13493975903614458
0 0.2565 0.327710843373494 0.065 0.18433734939759036
0 0.7785 0.09156626506024096 0.0575 0.13493975903614458
0 0.659 0.6397590361445783 0.102 0.2783132530120482
0 0.955 0.3397590361445783 0.065 0.18433734939759036
0 0.4475 0.44819277108433736 0.102 0.2783132530120482
0 0.819 0.4867469879518072 0.102 0.2783132530120482
0 0.00008599999999999999 0.0011685295398461315 0.00005099999999999999 0.0003353171723036726
0 0.684 0.21445783132530122 0.065 0.18433734939759036
0 0.8195 0.22409638554216868 0.065 0.18433734939759036
0 0.00035499999999999996 0.001177239076789084 0.00005100000000000005 0.0003353171723036726
0 0.00027925 0.0010494992016257803 0.00005100000000000005 0.0003353171723036726
0 0.5455 0.5590361445783133 0.102 0.2783132530120482
0 0.3665 0.058433734939759036 0.0575 0.11686746987951807
0 0.8535 0.10120481927710843 0.0575 0.13493975903614458
0 0.516 0.22771084337349398 0.065 0.18433734939759036
0 0.6975 0.41686746987951806 0.102 0.2783132530120482
0 0.04175 0.8518072289156626 0.0835 0.2783132530120482
0 0.3555 0.3192771084337349 0.065 0.18433734939759036
0 0.1665 0.3 0.065 0.18433734939759036
0 0.1365 0.5144578313253012 0.102 0.2783132530120482