0 0.15352697095435686 0.7931570762052877 0.002074688796680498 0.004665629860031105
0 0.7966804979253111 0.9315707620528771 0.002074688796680498 0.004665629860031105
0 0.921161825726141 0.942457231726283 0.002074688796680498 0.004665629860031105
0 0.45228215767634855 0.9393468118195957 0.002074688796680498 0.004665629860031105
0 0.005186721991701245 0.8973561430793157 0.002074688796680498 0.004665629860031105
0 0.8495850622406639 0.9580093312597201 0.002074688796680498 0.004665629860031105
0 0.32261410788381745 0.7651632970451011 0.002074688796680498 0.004665629860031105
0 0.40352697095435686 0.9564541213063764 0.002074688796680498 0.004665629860031105
0 0.5757261410788381 0.9813374805598756 0.002074688796680498 0.004665629860031105
0 0.803941908713693 0.9237947122861586 0.002074688796680498 0.004665629860031105
0 0.9139004149377593 0.968895800933126 0.002074688796680498 0.004665629860031105
0 0.3433609958506224 0.9300155520995335 0.002074688796680498 0.004665629860031105
0 0.41286307053941906 0.9766718506998445 0.002074688796680498 0.004665629860031105
0 0.038381742738589214 0.9222395023328149 0.002074688796680498 0.004665629860031105
0 0.4979253112033195 0.9548989113530326 0.002074688796680498 0.004665629860031105
0 0.44813278008298757 0.942457231726283 0.002074688796680498 0.004665629860031105
0 0.8786307053941909 0.937791601866252 0.002074688796680498 0.004665629860031105
0 0.07883817427385892 0.926905132192846 0.002074688796680498 0.004665629860031105
0 0.15560165975103735 0.9346811819595645 0.002074688796680498 0.004665629860031105
0 0.5456431535269709 0.926905132192846 0.002074688796680498 0.004665629860031105
0 0.31742738589211617 0.9129082426127527 0.002074688796680498 0.004665629860031105
0 0.2354771784232365 0.911353032659409 0.002074688796680498 0.004665629860031105
0 0.6244813278008299 0.9782270606531882 0.002074688796680498 0.004665629860031105
0 0.07053941908713693 0.9533437013996889 0.002074688796680498 0.004665629860031105
0 0.504149377593361 0.9315707620528771 0.002074688796680498 0.004665629860031105
0 0.9522821576763485 0.937791601866252 0.002074688796680498 0.004665629860031105
0 0.1628630705394191 0.9362363919129082 0.002074688796680498 0.004665629860031105
0 0.6161825726141079 0.9440124416796267 0.002074688796680498 0.004665629860031105
0 0.49377593360995853 0.9580093312597201 0.002074688796680498 0.004665629860031105
0 0.40145228215767637 0.9517884914463453 0.002074688796680498 0.004665629860031105
0 0.4450207468879668 0.9315707620528771 0.002074688796680498 0.004665629860031105
0 0.6058091286307054 0.9191290824261276 0.002074688796680498 0.004665629860031105
0 0.5570539419087137 0.9642301710730948 0.002074688796680498 0.004665629860031105
0 0.9678423236514523 0.9657853810264385 0.002074688796680498 0.004665629860031105
0 0.3257261410788382 0.9191290824261276 0.002074688796680498 0.004665629860031105
0 0.0487551867219917 0.9782270606531882 0.002074688796680498 0.004665629860031105
0 0.08402489626556017 0.9517884914463453 0.002074688796680498 0.004665629860031105
0 0.06016597510373444 0.9097978227060654 0.002074688796680498 0.004665629860031105
0 0.002074688796680498 0.9626749611197511 0.002074688796680498 0.004665629860031105
0 0.06327800829875518 0.7853810264385692 0.002074688796680498 0.004665629860031105
0 0.8101659751037344 0.942457231726283 0.002074688796680498 0.004665629860031105
0 0.13796680497925312 0.911353032659409 0.002074688796680498 0.004665629860031105
0 0.17531120331950206 0.9595645412130638 0.002074688796680498 0.004665629860031105
0 0.4470954356846473 0.9346811819595645 0.002074688796680498 0.004665629860031105
0 0.2479253112033195 0.9035769828926905 0.002074688796680498 0.004665629860031105
0 0.15145228215767634 0.9331259720062208 0.002074688796680498 0.004665629860031105
0 0.9885892116182573 0.776049766718507 0.002074688796680498 0.004665629860031105
0 0.15352697095435686 0.973561430793157 0.002074688796680498 0.004665629860031105
0 0.44398340248962653 0.9440124416796267 0.002074688796680498 0.004665629860031105
0 0.8817427385892116 0.9611197511664075 0.002074688796680498 0.004665629860031105
0 0.32053941908713696 0.9222395023328149 0.002074688796680498 0.004665629860031105
0 0.12448132780082988 0.9237947122861586 0.002074688796680498 0.004665629860031105
0 0.5300829875518672 0.937791601866252 0.002074688796680498 0.004665629860031105
0 0.01037344398340249 0.7278382581648523 0.002074688796680498 0.004665629860031105
0 0.5031120331950207 0.9922239502332815 0.002074688796680498 0.004665629860031105
0 0.45435684647302904 0.9626749611197511 0.002074688796680498 0.004665629860031105
0 0.058091286307053944 0.7558320373250389 0.002074688796680498 0.004665629860031105
0 0.4699170124481328 0.9642301710730948 0.002074688796680498 0.004665629860031105
0 0.8724066390041494 0.9393468118195957 0.002074688796680498 0.004665629860031105
0 0.5311203319502075 0.9906687402799378 0.002074688796680498 0.004665629860031105
0 0.45850622406639 0.9393468118195957 0.002074688796680498 0.004665629860031105
0 0.011410788381742738 0.9191290824261276 0.002074688796680498 0.004665629860031105
0 0.4699170124481328 0.9828926905132193 0.002074688796680498 0.004665629860031105
0 0.25 0.9611197511664075 0.002074688796680498 0.004665629860031105
0 0.6099585062240664 0.9346811819595645 0.002074688796680498 0.004665629860031105
0 0.7427385892116183 0.926905132192846 0.002074688796680498 0.004665629860031105
0 0.07468879668049792 0.9175738724727839 0.002074688796680498 0.004665629860031105
0 0.946058091286307 0.8818040435458787 0.002074688796680498 0.004665629860031105
0 0.5373443983402489 0.9906687402799378 0.002074688796680498 0.004665629860031105
0 0.07468879668049792 0.9626749611197511 0.002074688796680498 0.004665629860031105
0 0.9564315352697096 0.9611197511664075 0.002074688796680498 0.004665629860031105
0 0.3236514522821577 0.7216174183514774 0.002074688796680498 0.004665629860031105
0 0.9398340248962656 0.9548989113530326 0.002074688796680498 0.004665629860031105
0 0.16701244813278007 0.9517884914463453 0.002074688796680498 0.004665629860031105
0 0.4170124481327801 0.9673405909797823 0.002074688796680498 0.004665629860031105
0 0.828838174273859 0.7947122861586314 0.002074688796680498 0.004665629860031105
0 0.19294605809128632 0.9160186625194401 0.002074688796680498 0.004665629860031105
0 0.22510373443983403 0.7978227060653188 0.002074688796680498 0.004665629860031105
0 0.7302904564315352 0.9362363919129082 0.002074688796680498 0.004665629860031105
0 0.002074688796680498 0.7480559875583204 0.002074688796680498 0.004665629860031105
0 0.22406639004149378 0.9191290824261276 0.002074688796680498 0.004665629860031105
0 0.2925311203319502 0.9097978227060654 0.002074688796680498 0.004665629860031105
0 0.028008298755186723 0.8926905132192846 0.002074688796680498 0.004665629860031105
0 0.774896265560166 0.9455676516329704 0.002074688796680498 0.004665629860031105
0 0.2437759336099585 0.9300155520995335 0.002074688796680498 0.004665629860031105
0 0.01037344398340249 0.9813374805598756 0.002074688796680498 0.004665629860031105
0 0.44813278008298757 0.9191290824261276 0.002074688796680498 0.004665629860031105
0 0.1462655601659751 0.9844479004665629 0.002074688796680498 0.004665629860031105
0 0.6099585062240664 0.968895800933126 0.002074688796680498 0.004665629860031105
0 0.8412863070539419 0.926905132192846 0.002074688796680498 0.004665629860031105
0 0.08195020746887967 0.9471228615863142 0.002074688796680498 0.004665629860031105
0 0.3381742738589212 0.9129082426127527 0.002074688796680498 0.004665629860031105
0 0.5508298755186722 0.9751166407465007 0.002074688796680498 0.004665629860031105
0 0.2033195020746888 0.7791601866251944 0.002074688796680498 0.004665629860031105
0 0.07572614107883817 0.7636080870917574 0.002074688796680498 0.004665629860031105
0 0.3744813278008299 0.9704510108864697 0.002074688796680498 0.004665629860031105
0 0.3941908713692946 0.9346811819595645 0.002074688796680498 0.004665629860031105
0 0.33195020746887965 0.7433903576982893 0.002074688796680498 0.004665629860031105
0 0.3537344398340249 0.9533437013996889 0.002074688796680498 0.004665629860031105
0 0.9221991701244814 0.9580093312597201 0.002074688796680498 0.004665629860031105
0 0.4408713692946058 0.9300155520995335 0.002074688796680498 0.004665629860031105
0 0.1421161825726141 0.9455676516329704 0.002074688796680498 0.004665629860031105
0 0.4066390041493776 0.9206842923794712 0.002074688796680498 0.004665629860031105
0 0.38900414937759337 0.8102643856920684 0.002074688796680498 0.004665629860031105
0 0.15560165975103735 0.9782270606531882 0.002074688796680498 0.004665629860031105
0 0.36618257261410786 0.7527216174183515 0.002074688796680498 0.004665629860031105
0 0.533195020746888 0.9253499222395023 0.002074688796680498 0.004665629860031105
0 0.029045643153526972 0.8989113530326595 0.002074688796680498 0.004665629860031105
0 0.4979253112033195 0.9611197511664075 0.002074688796680498 0.004665629860031105
0 0.9470954356846473 0.9626749611197511 0.002074688796680498 0.004665629860031105
0 0.22614107883817428 0.7776049766718507 0.002074688796680498 0.004665629860031105
0 0.2697095435684647 0.9564541213063764 0.002074688796680498 0.004665629860031105
0 0.7624481327800829 0.7869362363919129 0.002074688796680498 0.004665629860031105
0 0.12240663900414937 0.9782270606531882 0.002074688796680498 0.004665629860031105
0 0.14107883817427386 0.76049766718507 0.002074688796680498 0.004665629860031105
0 0.6234439834024896 0.9253499222395023 0.002074688796680498 0.004665629860031105
0 0.5321576763485477 0.9486780715396579 0.002074688796680498 0.004665629860031105
0 0.03941908713692946 0.8989113530326595 0.002074688796680498 0.004665629860031105
0 0.34647302904564314 0.9626749611197511 0.002074688796680498 0.004665629860031105
0 0.4896265560165975 0.9502332814930016 0.002074688796680498 0.004665629860031105
0 0.03734439834024896 0.7465007776049767 0.002074688796680498 0.004665629860031105
0 0.9107883817427386 0.9004665629860031 0.002074688796680498 0.004665629860031105
0 0.22510373443983403 0.9097978227060654 0.002074688796680498 0.004665629860031105
0 0.245850622406639 0.7682737169517885 0.002074688796680498 0.004665629860031105
0 0.8869294605809128 0.9097978227060654 0.002074688796680498 0.004665629860031105
0 0.7489626556016598 0.9704510108864697 0.002074688796680498 0.004665629860031105
0 0.475103734439834 0.9175738724727839 0.002074688796680498 0.004665629860031105
0 0.20850622406639005 0.9409020217729394 0.002074688796680498 0.004665629860031105
0 0.4730290456431535 0.7511664074650077 0.002074688796680498 0.004665629860031105
0 0.07468879668049792 0.968895800933126 0.002074688796680498 0.004665629860031105
0 0.22717842323651452 0.7542768273716952 0.002074688796680498 0.004665629860031105
0 0.021784232365145227 0.9362363919129082 0.002074688796680498 0.004665629860031105
0 0.08298755186721991 0.9331259720062208 0.002074688796680498 0.004665629860031105
0 0.08506224066390042 0.8693623639191291 0.002074688796680498 0.004665629860031105
0 0.9771784232365145 0.8942457231726283 0.002074688796680498 0.004665629860031105
0 0.34854771784232363 0.9129082426127527 0.002074688796680498 0.004665629860031105
0 0.26867219917012447 0.9611197511664075 0.002074688796680498 0.004665629860031105
0 0.3163900414937759 0.9860031104199067 0.002074688796680498 0.004665629860031105
0 0.6068464730290456 0.7729393468118196 0.002074688796680498 0.004665629860031105
0 0.9719917012448133 0.9720062208398134 0.002074688796680498 0.004665629860031105
0 0.0995850622406639 0.7698289269051322 0.002074688796680498 0.004665629860031105
0 0.01867219917012448 0.7511664074650077 0.002074688796680498 0.004665629860031105
0 0.6545643153526971 0.9300155520995335 0.002074688796680498 0.004665629860031105
0 0.42012448132780084 0.7838258164852255 0.002074688796680498 0.004665629860031105
0 0.058091286307053944 0.9766718506998445 0.002074688796680498 0.004665629860031105
0 0.4896265560165975 0.9222395023328149 0.002074688796680498 0.004665629860031105
0 0.3495850622406639 0.7620528771384136 0.002074688796680498 0.004665629860031105
0 0.966804979253112 0.8942457231726283 0.002074688796680498 0.004665629860031105
0 0.45228215767634855 0.9160186625194401 0.002074688796680498 0.004665629860031105
0 0.39730290456431533 0.807153965785381 0.002074688796680498 0.004665629860031105
0 0.741701244813278 0.7853810264385692 0.002074688796680498 0.004665629860031105
0 0.47925311203319504 0.9642301710730948 0.002074688796680498 0.004665629860031105
0 0.6037344398340249 0.9766718506998445 0.002074688796680498 0.004665629860031105
0 0.5010373443983402 0.9657853810264385 0.002074688796680498 0.004665629860031105
0 0.4190871369294606 0.7931570762052877 0.002074688796680498 0.004665629860031105
0 0.23651452282157676 0.9346811819595645 0.002074688796680498 0.004665629860031105
0 0.022821576763485476 0.926905132192846 0.002074688796680498 0.004665629860031105
0 0.29979253112033194 0.7527216174183515 0.002074688796680498 0.004665629860031105
0 0.8298755186721992 0.9237947122861586 0.002074688796680498 0.004665629860031105
0 0.26348547717842324 0.911353032659409 0.002074688796680498 0.004665629860031105
0 0.40145228215767637 0.8444790046656299 0.002074688796680498 0.004665629860031105
0 0.254149377593361 0.9751166407465007 0.002074688796680498 0.004665629860031105
0 0.6234439834024896 0.9300155520995335 0.002074688796680498 0.004665629860031105
0 0.37655601659751037 0.9502332814930016 0.002074688796680498 0.004665629860031105
0 0.5601659751037344 0.9331259720062208 0.002074688796680498 0.004665629860031105
0 0.03941908713692946 0.911353032659409 0.002074688796680498 0.004665629860031105
0 0.27800829875518673 0.9673405909797823 0.002074688796680498 0.004665629860031105
0 0.7531120331950207 0.9284603421461898 0.002074688796680498 0.004665629860031105
0 0.237551867219917 0.9611197511664075 0.002074688796680498 0.004665629860031105
0 0.3360995850622407 0.9564541213063764 0.002074688796680498 0.004665629860031105
0 0.4211618257261411 0.7480559875583204 0.002074688796680498 0.004665629860031105
0 0.9626556016597511 0.9020217729393468 0.002074688796680498 0.004665629860031105
0 0.12655601659751037 0.9035769828926905 0.002074688796680498 0.004665629860031105
0 0.16804979253112035 0.9004665629860031 0.002074688796680498 0.004665629860031105
0 0.44813278008298757 0.7620528771384136 0.002074688796680498 0.004665629860031105
0 0.14315352697095435 0.9253499222395023 0.002074688796680498 0.004665629860031105
0 0.950207468879668 0.9300155520995335 0.002074688796680498 0.004665629860031105
0 0.11203319502074689 0.8973561430793157 0.002074688796680498 0.004665629860031105
0 0.37863070539419086 0.9160186625194401 0.002074688796680498 0.004665629860031105
0 0.9761410788381742 0.968895800933126 0.002074688796680498 0.004665629860031105
0 0.8641078838174274 0.8662519440124417 0.002074688796680498 0.004665629860031105
0 0.8526970954356846 0.8926905132192846 0.002074688796680498 0.004665629860031105
0 0.9242738589211619 0.9315707620528771 0.002074688796680498 0.004665629860031105
0 0.13070539419087138 0.911353032659409 0.002074688796680498 0.004665629860031105
0 0.3796680497925311 0.9440124416796267 0.002074688796680498 0.004665629860031105
0 0.5663900414937759 0.9828926905132193 0.002074688796680498 0.004665629860031105
0 0.1970954356846473 0.7853810264385692 0.002074688796680498 0.004665629860031105
0 0.2966804979253112 0.9331259720062208 0.002074688796680498 0.004665629860031105
0 0.5020746887966805 0.9533437013996889 0.002074688796680498 0.004665629860031105
0 0.3215767634854772 0.9129082426127527 0.002074688796680498 0.004665629860031105
0 0.3288381742738589 0.8195956454121306 0.002074688796680498 0.004665629860031105
0 0.06431535269709543 0.8973561430793157 0.002074688796680498 0.004665629860031105
0 0.4450207468879668 0.926905132192846 0.002074688796680498 0.004665629860031105
0 0.46680497925311204 0.9346811819595645 0.002074688796680498 0.004665629860031105
0 0.8402489626556017 0.8227060653188181 0.002074688796680498 0.004665629860031105
0 0.07883817427385892 0.9580093312597201 0.002074688796680498 0.004665629860031105
0 0.28112033195020747 0.9206842923794712 0.002074688796680498 0.004665629860031105
0 0.8516597510373444 0.9144634525660964 0.002074688796680498 0.004665629860031105
0 0.7375518672199171 0.9595645412130638 0.002074688796680498 0.004665629860031105
0 0.30601659751037347 0.9331259720062208 0.002074688796680498 0.004665629860031105
0 0.2894190871369295 0.9875583203732504 0.002074688796680498 0.004665629860031105
0 0.8423236514522822 0.9082426127527217 0.002074688796680498 0.004665629860031105
0 0.9761410788381742 0.9642301710730948 0.002074688796680498 0.004665629860031105
0 0.6109958506224067 0.942457231726283 0.002074688796680498 0.004665629860031105
0 0.1037344398340249 0.7573872472783826 0.002074688796680498 0.004665629860031105
0 0.18153526970954356 0.9409020217729394 0.002074688796680498 0.004665629860031105
0 0.11410788381742738 0.7713841368584758 0.002074688796680498 0.004665629860031105
0 0.3703319502074689 0.9580093312597201 0.002074688796680498 0.004665629860031105
0 0.5352697095435685 0.9844479004665629 0.002074688796680498 0.004665629860031105
0 0.8609958506224067 0.911353032659409 0.002074688796680498 0.004665629860031105
0 0.06639004149377593 0.9611197511664075 0.002074688796680498 0.004665629860031105
0 0.26867219917012447 0.7387247278382582 0.002074688796680498 0.004665629860031105
0 0.1825726141078838 0.7667185069984448 0.002074688796680498 0.004665629860031105
0 0.5871369294605809 0.776049766718507 0.002074688796680498 0.004665629860031105
0 0.3184647302904564 0.9129082426127527 0.002074688796680498 0.004665629860031105
0 0.6296680497925311 0.9409020217729394 0.002074688796680498 0.004665629860031105
0 0.3475103734439834 0.9237947122861586 0.002074688796680498 0.004665629860031105
0 0.28526970954356845 0.9206842923794712 0.002074688796680498 0.004665629860031105
0 0.3651452282157676 0.9828926905132193 0.002074688796680498 0.004665629860031105
0 0.5383817427385892 0.9237947122861586 0.002074688796680498 0.004665629860031105
0 0.9647302904564315 0.9673405909797823 0.002074688796680498 0.004665629860031105
0 0.5985477178423236 0.776049766718507 0.002074688796680498 0.004665629860031105
0 0.8641078838174274 0.9673405909797823 0.002074688796680498 0.004665629860031105
0 0.32676348547717843 0.973561430793157 0.002074688796680498 0.004665629860031105
0 0.5809128630705395 0.9191290824261276 0.002074688796680498 0.004665629860031105
0 0.9294605809128631 0.968895800933126 0.002074688796680498 0.004665629860031105
0 0.4896265560165975 0.9548989113530326 0.002074688796680498 0.004665629860031105
0 0.14522821576763487 0.9657853810264385 0.002074688796680498 0.004665629860031105
0 0.946058091286307 0.8040435458786936 0.002074688796680498 0.004665629860031105
0 0.9315352697095436 0.9517884914463453 0.002074688796680498 0.004665629860031105
0 0.005186721991701245 0.9548989113530326 0.002074688796680498 0.004665629860031105
0 0.038381742738589214 0.7838258164852255 0.002074688796680498 0.004665629860031105
0 0.32261410788381745 0.9082426127527217 0.002074688796680498 0.004665629860031105
0 0.5778008298755186 0.9393468118195957 0.002074688796680498 0.004665629860031105
0 0.9470954356846473 0.9548989113530326 0.002074688796680498 0.004665629860031105
0 0.41597510373443985 0.9300155520995335 0.002074688796680498 0.004665629860031105
0 0.9284232365145229 0.9455676516329704 0.002074688796680498 0.004665629860031105
0 0.2676348547717842 0.8040435458786936 0.002074688796680498 0.004665629860031105
0 0.9761410788381742 0.9860031104199067 0.002074688796680498 0.004665629860031105
0 0.578838174273859 0.80248833592535 0.002074688796680498 0.004665629860031105
0 0.23340248962655602 0.7542768273716952 0.002074688796680498 0.004665629860031105
0 0.1991701244813278 0.8320373250388803 0.002074688796680498 0.004665629860031105
0 0.11307053941908714 0.9222395023328149 0.002074688796680498 0.004665629860031105
0 0.08921161825726141 0.7682737169517885 0.002074688796680498 0.004665629860031105
0 0.3869294605809129 0.9160186625194401 0.002074688796680498 0.004665629860031105
0 0.3381742738589212 0.8211508553654744 0.002074688796680498 0.004665629860031105
0 0.15871369294605808 0.7698289269051322 0.002074688796680498 0.004665629860031105
0 0.21265560165975103 0.9253499222395023 0.002074688796680498 0.004665629860031105
0 0.17116182572614108 0.7542768273716952 0.002074688796680498 0.004665629860031105
0 0.3941908713692946 0.9813374805598756 0.002074688796680498 0.004665629860031105
0 0.9087136929460581 0.9191290824261276 0.002074688796680498 0.004665629860031105
0 0.5103734439834025 0.9860031104199067 0.002074688796680498 0.004665629860031105
0 0.8381742738589212 0.9564541213063764 0.002074688796680498 0.004665629860031105
0 0.26348547717842324 0.926905132192846 0.002074688796680498 0.004665629860031105
0 0.14107883817427386 0.9828926905132193 0.002074688796680498 0.004665629860031105
0 0.35892116182572614 0.8538102643856921 0.002074688796680498 0.004665629860031105
0 0.4004149377593361 0.9440124416796267 0.002074688796680498 0.004665629860031105
0 0.04771784232365145 0.926905132192846 0.002074688796680498 0.004665629860031105
0 0.39730290456431533 0.9782270606531882 0.002074688796680498 0.004665629860031105
0 0.9066390041493776 0.9237947122861586 0.002074688796680498 0.004665629860031105
0 0.5072614107883817 0.9657853810264385 0.002074688796680498 0.004665629860031105
0 0.07780082987551867 0.9129082426127527 0.002074688796680498 0.004665629860031105
0 0.26556016597510373 0.9175738724727839 0.002074688796680498 0.004665629860031105
0 0.6203319502074689 0.9440124416796267 0.002074688796680498 0.004665629860031105
0 0.4470954356846473 0.9533437013996889 0.002074688796680498 0.004665629860031105
0 0.1037344398340249 0.9564541213063764 0.002074688796680498 0.004665629860031105
0 0.1275933609958506 0.942457231726283 0.002074688796680498 0.004665629860031105
0 0.8153526970954357 0.9315707620528771 0.002074688796680498 0.004665629860031105
0 0.9896265560165975 0.9284603421461898 0.002074688796680498 0.004665629860031105
0 0.5186721991701245 0.9766718506998445 0.002074688796680498 0.004665629860031105
0 0.9906639004149378 0.9673405909797823 0.002074688796680498 0.004665629860031105
0 0.1037344398340249 0.973561430793157 0.002074688796680498 0.004665629860031105
0 0.3558091286307054 0.8133748055987559 0.002074688796680498 0.004665629860031105
0 0.015560165975103735 0.9191290824261276 0.002074688796680498 0.004665629860031105
0 0.9906639004149378 0.9533437013996889 0.002074688796680498 0.004665629860031105
0 0.5186721991701245 0.9315707620528771 0.002074688796680498 0.004665629860031105
0 0.32676348547717843 0.9751166407465007 0.002074688796680498 0.004665629860031105
0 0.2925311203319502 0.973561430793157 0.002074688796680498 0.004665629860031105
0 0.7686721991701245 0.8242612752721618 0.002074688796680498 0.004665629860031105
0 0.021784232365145227 0.8926905132192846 0.002074688796680498 0.004665629860031105
0 0.3724066390041494 0.9704510108864697 0.002074688796680498 0.004665629860031105
0 0.1400414937759336 0.9097978227060654 0.002074688796680498 0.004665629860031105
0 0.4896265560165975 0.9782270606531882 0.002074688796680498 0.004665629860031105
0 0.46680497925311204 0.9160186625194401 0.002074688796680498 0.004665629860031105
0 0.058091286307053944 0.8880248833592534 0.002074688796680498 0.004665629860031105
0 0.6265560165975104 0.9206842923794712 0.002074688796680498 0.004665629860031105
0 0.2842323651452282 0.9097978227060654 0.002074688796680498 0.004665629860031105
0 0.21265560165975103 0.9082426127527217 0.002074688796680498 0.004665629860031105
0 0.22614107883817428 0.9097978227060654 0.002074688796680498 0.004665629860031105
0 0.16804979253112035 0.9533437013996889 0.002074688796680498 0.004665629860031105
0 0.18360995850622408 0.9175738724727839 0.002074688796680498 0.004665629860031105
0 0.29564315352697096 0.9673405909797823 0.002074688796680498 0.004665629860031105
0 0.995850622406639 0.880248833592535 0.002074688796680498 0.004665629860031105
0 0.37655601659751037 0.973561430793157 0.002074688796680498 0.004665629860031105
0 0.5726141078838174 0.9766718506998445 0.002074688796680498 0.004665629860031105
0 0.11929460580912864 0.9362363919129082 0.002074688796680498 0.004665629860031105
0 0.4730290456431535 0.8273716951788491 0.002074688796680498 0.004665629860031105
0 0.34024896265560167 0.9502332814930016 0.002074688796680498 0.004665629860031105
0 0.4605809128630705 0.7838258164852255 0.002074688796680498 0.004665629860031105
0 0.9823651452282157 0.8740279937791602 0.002074688796680498 0.004665629860031105
0 0.6639004149377593 0.9222395023328149 0.002074688796680498 0.004665629860031105
0 0.07883817427385892 0.9813374805598756 0.002074688796680498 0.004665629860031105
0 0.12033195020746888 0.7900466562986003 0.002074688796680498 0.004665629860031105
0 0.9937759336099585 0.9035769828926905 0.002074688796680498 0.004665629860031105
0 0.9076763485477178 0.880248833592535 0.002074688796680498 0.004665629860031105
0 0.44398340248962653 0.9828926905132193 0.002074688796680498 0.004665629860031105
0 0.3236514522821577 0.7776049766718507 0.002074688796680498 0.004665629860031105
0 0.1462655601659751 0.911353032659409 0.002074688796680498 0.004665629860031105
0 0.9553941908713693 0.9066874027993779 0.002074688796680498 0.004665629860031105
0 0.5446058091286307 0.9533437013996889 0.002074688796680498 0.004665629860031105
0 0.32053941908713696 0.9253499222395023 0.002074688796680498 0.004665629860031105
0 0.023858921161825725 0.9813374805598756 0.002074688796680498 0.004665629860031105
0 0.8485477178423236 0.9751166407465007 0.002074688796680498 0.004665629860031105
0 0.11618257261410789 0.8055987558320373 0.002074688796680498 0.004665629860031105
0 0.33713692946058094 0.9673405909797823 0.002074688796680498 0.004665629860031105
0 0.3412863070539419 0.9440124416796267 0.002074688796680498 0.004665629860031105
0 0.2966804979253112 0.9564541213063764 0.002074688796680498 0.004665629860031105
0 0.5632780082987552 0.9782270606531882 0.002074688796680498 0.004665629860031105
0 0.8163900414937759 0.7947122861586314 0.002074688796680498 0.004665629860031105
0 0.578838174273859 0.9751166407465007 0.002074688796680498 0.004665629860031105
0 0.558091286307054 0.9222395023328149 0.002074688796680498 0.004665629860031105
0 0.16390041493775934 0.9191290824261276 0.002074688796680498 0.004665629860031105
0 0.14730290456431536 0.9082426127527217 0.002074688796680498 0.004665629860031105
0 0.8558091286307054 0.9191290824261276 0.002074688796680498 0.004665629860031105
0 0.4979253112033195 0.9222395023328149 0.002074688796680498 0.004665629860031105
0 0.3941908713692946 0.7511664074650077 0.002074688796680498 0.004665629860031105
0 0.5736514522821576 0.8133748055987559 0.002074688796680498 0.004665629860031105
0 0.3360995850622407 0.9517884914463453 0.002074688796680498 0.004665629860031105
0 0.9740663900414938 0.9580093312597201 0.002074688796680498 0.004665629860031105
0 0.17323651452282157 0.9611197511664075 0.002074688796680498 0.004665629860031105
0 0.11099585062240663 0.8989113530326595 0.002074688796680498 0.004665629860031105
0 0.49896265560165975 0.973561430793157 0.002074688796680498 0.004665629860031105
0 0.35477178423236516 0.7465007776049767 0.002074688796680498 0.004665629860031105
0 0.16597510373443983 0.7418351477449455 0.002074688796680498 0.004665629860031105
0 0.31224066390041494 0.9657853810264385 0.002074688796680498 0.004665629860031105
0 0.16390041493775934 0.9564541213063764 0.002074688796680498 0.004665629860031105
0 0.5072614107883817 0.9828926905132193 0.002074688796680498 0.004665629860031105
0 0.9470954356846473 0.8709175738724728 0.002074688796680498 0.004665629860031105
0 0.7219917012448133 0.9797822706065319 0.002074688796680498 0.004665629860031105
0 0.30186721991701243 0.9191290824261276 0.002074688796680498 0.004665629860031105
0 0.2800829875518672 0.9066874027993779 0.002074688796680498 0.004665629860031105
0 0.023858921161825725 0.942457231726283 0.002074688796680498 0.004665629860031105
0 0.5363070539419087 0.9642301710730948 0.002074688796680498 0.004665629860031105
0 0.07883817427385892 0.7869362363919129 0.002074688796680498 0.004665629860031105
0 0.24066390041493776 0.7838258164852255 0.002074688796680498 0.004665629860031105
0 0.6317427385892116 0.8631415241057543 0.002074688796680498 0.004665629860031105
0 0.9491701244813278 0.9144634525660964 0.002074688796680498 0.004665629860031105
0 0.6047717842323651 0.9906687402799378 0.002074688796680498 0.004665629860031105
0 0.745850622406639 0.9657853810264385 0.002074688796680498 0.004665629860031105
0 0.39315352697095435 0.8258164852255054 0.002074688796680498 0.004665629860031105
0 0.23029045643153526 0.9346811819595645 0.002074688796680498 0.004665629860031105
0 0.23858921161825727 0.7480559875583204 0.002074688796680498 0.004665629860031105
0 0.4367219917012448 0.9160186625194401 0.002074688796680498 0.004665629860031105
0 0.9616182572614108 0.9517884914463453 0.002074688796680498 0.004665629860031105
0 0.056016597510373446 0.9828926905132193 0.002074688796680498 0.004665629860031105
0 0.1566390041493776 0.9782270606531882 0.002074688796680498 0.004665629860031105
0 0.28526970954356845 0.8180404354587869 0.002074688796680498 0.004665629860031105
0 0.5663900414937759 0.9486780715396579 0.002074688796680498 0.004665629860031105
0 0.012448132780082987 0.7480559875583204 0.002074688796680498 0.004665629860031105
0 0.3029045643153527 0.7340590979782271 0.002074688796680498 0.004665629860031105
0 0.9056016597510373 0.8693623639191291 0.002074688796680498 0.004665629860031105
0 0.9605809128630706 0.9129082426127527 0.002074688796680498 0.004665629860031105
0 0.8195020746887967 0.9626749611197511 0.002074688796680498 0.004665629860031105
0 0.13278008298755187 0.9782270606531882 0.002074688796680498 0.004665629860031105
0 0.41597510373443985 0.8755832037325039 0.002074688796680498 0.004665629860031105
0 0.47717842323651455 0.9580093312597201 0.002074688796680498 0.004665629860031105
0 0.41286307053941906 0.937791601866252 0.002074688796680498 0.004665629860031105
0 0.5726141078838174 0.9704510108864697 0.002074688796680498 0.004665629860031105
0 0.766597510373444 0.7869362363919129 0.002074688796680498 0.004665629860031105
0 0.9626556016597511 0.8880248833592534 0.002074688796680498 0.004665629860031105
0 0.6462655601659751 0.8553654743390358 0.002074688796680498 0.004665629860031105
0 0.9605809128630706 0.9626749611197511 0.002074688796680498 0.004665629860031105
0 0.006224066390041493 0.9657853810264385 0.002074688796680498 0.004665629860031105
0 0.2520746887966805 0.8102643856920684 0.002074688796680498 0.004665629860031105
0 0.9325726141078838 0.9206842923794712 0.002074688796680498 0.004665629860031105
0 0.5259336099585062 0.9300155520995335 0.002074688796680498 0.004665629860031105
0 0.0995850622406639 0.9455676516329704 0.002074688796680498 0.004665629860031105
0 0.6182572614107884 0.9922239502332815 0.002074688796680498 0.004665629860031105
0 0.30809128630705396 0.9626749611197511 0.002074688796680498 0.004665629860031105
0 0.29149377593361 0.9657853810264385 0.002074688796680498 0.004665629860031105
0 0.4605809128630705 0.9284603421461898 0.002074688796680498 0.004665629860031105
0 0.6390041493775933 0.9160186625194401 0.002074688796680498 0.004665629860031105
0 0.9636929460580913 0.9720062208398134 0.002074688796680498 0.004665629860031105
0 0.18153526970954356 0.9346811819595645 0.002074688796680498 0.004665629860031105
0 0.6255186721991701 0.9642301710730948 0.002074688796680498 0.004665629860031105
0 0.2053941908713693 0.9035769828926905 0.002074688796680498 0.004665629860031105
0 0.2551867219917012 0.7807153965785381 0.002074688796680498 0.004665629860031105
0 0.5819502074688797 0.9502332814930016 0.002074688796680498 0.004665629860031105
0 0.2863070539419087 0.9284603421461898 0.002074688796680498 0.004665629860031105
0 0.45954356846473027 0.9331259720062208 0.002074688796680498 0.004665629860031105
0 0.10995850622406639 0.8911353032659409 0.002074688796680498 0.004665629860031105
0 0.483402489626556 0.9875583203732504 0.002074688796680498 0.004665629860031105
0 0.31224066390041494 0.9533437013996889 0.002074688796680498 0.004665629860031105
0 0.9107883817427386 0.8709175738724728 0.002074688796680498 0.004665629860031105
0 0.3900414937759336 0.9782270606531882 0.002074688796680498 0.004665629860031105
0 0.01037344398340249 0.9237947122861586 0.002074688796680498 0.004665629860031105
0 0.254149377593361 0.926905132192846 0.002074688796680498 0.004665629860031105
0 0.15767634854771784 0.9657853810264385 0.002074688796680498 0.004665629860031105
0 0.5103734439834025 0.9611197511664075 0.002074688796680498 0.004665629860031105
0 0.06639004149377593 0.8133748055987559 0.002074688796680498 0.004665629860031105
0 0.8350622406639004 0.9082426127527217 0.002074688796680498 0.004665629860031105
0 0.23029045643153526 0.9517884914463453 0.002074688796680498 0.004665629860031105
0 0.38278008298755184 0.9533437013996889 0.002074688796680498 0.004665629860031105
0 0.7935684647302904 0.8242612752721618 0.002074688796680498 0.004665629860031105
0 0.979253112033195 0.9517884914463453 0.002074688796680498 0.004665629860031105
0 0.8983402489626556 0.8973561430793157 0.002074688796680498 0.004665629860031105
0 0.3983402489626556 0.9300155520995335 0.002074688796680498 0.004665629860031105
0 0.09854771784232365 0.9440124416796267 0.002074688796680498 0.004665629860031105
0 0.7489626556016598 0.9797822706065319 0.002074688796680498 0.004665629860031105
0 0.3029045643153527 0.8491446345256609 0.002074688796680498 0.004665629860031105
0 0.36618257261410786 0.8538102643856921 0.002074688796680498 0.004665629860031105
0 0.4408713692946058 0.9611197511664075 0.002074688796680498 0.004665629860031105
0 0.6089211618257261 0.9564541213063764 0.002074688796680498 0.004665629860031105
0 0.43568464730290457 0.8538102643856921 0.002074688796680498 0.004665629860031105
0 0.34439834024896265 0.9595645412130638 0.002074688796680498 0.004665629860031105
0 0.16493775933609958 0.9704510108864697 0.002074688796680498 0.004665629860031105
0 0.7686721991701245 0.9704510108864697 0.002074688796680498 0.004665629860031105
0 0.12551867219917012 0.9828926905132193 0.002074688796680498 0.004665629860031105
0 0.7914937759336099 0.7916018662519441 0.002074688796680498 0.004665629860031105
0 0.9927385892116183 0.9440124416796267 0.002074688796680498 0.004665629860031105
0 0.9066390041493776 0.8133748055987559 0.002074688796680498 0.004665629860031105
0 0.553941908713693 0.9237947122861586 0.002074688796680498 0.004665629860031105
0 0.245850622406639 0.911353032659409 0.002074688796680498 0.004665629860031105
0 0.17738589211618258 0.9066874027993779 0.002074688796680498 0.004665629860031105
0 0.7946058091286307 0.9206842923794712 0.002074688796680498 0.004665629860031105
0 0.5280082987551867 0.9331259720062208 0.002074688796680498 0.004665629860031105
0 0.5985477178423236 0.9720062208398134 0.002074688796680498 0.004665629860031105
0 0.12448132780082988 0.833592534992224 0.002074688796680498 0.004665629860031105
0 0.8122406639004149 0.9564541213063764 0.002074688796680498 0.004665629860031105
0 0.8599585062240664 0.968895800933126 0.002074688796680498 0.004665629860031105
0 0.2946058091286307 0.9097978227060654 0.002074688796680498 0.004665629860031105
0 0.5031120331950207 0.9331259720062208 0.002074688796680498 0.004665629860031105
0 0.2863070539419087 0.911353032659409 0.002074688796680498 0.004665629860031105
0 0.5757261410788381 0.9564541213063764 0.002074688796680498 0.004665629860031105
0 0.3153526970954357 0.9611197511664075 0.002074688796680498 0.004665629860031105
0 0.0995850622406639 0.9393468118195957 0.002074688796680498 0.004665629860031105
0 0.016597510373443983 0.7822706065318819 0.002074688796680498 0.004665629860031105
0 0.3215767634854772 0.9580093312597201 0.002074688796680498 0.004665629860031105
0 0.3163900414937759 0.9471228615863142 0.002074688796680498 0.004665629860031105
0 0.578838174273859 0.9673405909797823 0.002074688796680498 0.004665629860031105
0 0.5975103734439834 0.9906687402799378 0.002074688796680498 0.004665629860031105
0 0.5695020746887967 0.9362363919129082 0.002074688796680498 0.004665629860031105
0 0.9398340248962656 0.9626749611197511 0.002074688796680498 0.004665629860031105
0 0.03941908713692946 0.9797822706065319 0.002074688796680498 0.004665629860031105
0 0.12344398340248963 0.7651632970451011 0.002074688796680498 0.004665629860031105
0 0.3215767634854772 0.749611197511664 0.002074688796680498 0.004665629860031105
0 0.9564315352697096 0.9471228615863142 0.002074688796680498 0.004665629860031105
0 0.26141078838174275 0.9191290824261276 0.002074688796680498 0.004665629860031105
0 0.40145228215767637 0.7511664074650077 0.002074688796680498 0.004665629860031105
0 0.04979253112033195 0.9611197511664075 0.002074688796680498 0.004665629860031105
0 0.9740663900414938 0.9035769828926905 0.002074688796680498 0.004665629860031105
0 0.9533195020746889 0.9502332814930016 0.002074688796680498 0.004665629860031105
0 0.3475103734439834 0.8195956454121306 0.002074688796680498 0.004665629860031105
0 0.8765560165975104 0.9175738724727839 0.002074688796680498 0.004665629860031105
0 0.5819502074688797 0.9611197511664075 0.002074688796680498 0.004665629860031105
0 0.5093360995850622 0.9844479004665629 0.002074688796680498 0.004665629860031105
0 0.8672199170124482 0.9486780715396579 0.002074688796680498 0.004665629860031105
0 0.5850622406639004 0.9284603421461898 0.002074688796680498 0.004665629860031105
0 0.5051867219917012 0.9253499222395023 0.002074688796680498 0.004665629860031105
0 0.2842323651452282 0.7558320373250389 0.002074688796680498 0.004665629860031105
0 0.36410788381742737 0.9626749611197511 0.002074688796680498 0.004665629860031105
0 0.5487551867219918 0.9331259720062208 0.002074688796680498 0.004665629860031105
0 0.8506224066390041 0.9346811819595645 0.002074688796680498 0.004665629860031105
0 0.052904564315352696 0.911353032659409 0.002074688796680498 0.004665629860031105
0 0.4699170124481328 0.9657853810264385 0.002074688796680498 0.004665629860031105
0 0.7313278008298755 0.9720062208398134 0.002074688796680498 0.004665629860031105
0 0.7136929460580913 0.9284603421461898 0.002074688796680498 0.004665629860031105
0 0.8661825726141079 0.8180404354587869 0.002074688796680498 0.004665629860031105
0 0.524896265560166 0.9502332814930016 0.002074688796680498 0.004665629860031105
0 0.17219917012448133 0.9253499222395023 0.002074688796680498 0.004665629860031105
0 0.6192946058091287 0.9409020217729394 0.002074688796680498 0.004665629860031105
0 0.983402489626556 0.9673405909797823 0.002074688796680498 0.004665629860031105
0 0.34024896265560167 0.911353032659409 0.002074688796680498 0.004665629860031105
0 0.11514522821576763 0.9362363919129082 0.002074688796680498 0.004665629860031105
0 0.23858921161825727 0.9097978227060654 0.002074688796680498 0.004665629860031105
0 0.8319502074688797 0.9393468118195957 0.002074688796680498 0.004665629860031105
0 0.3112033195020747 0.7200622083981337 0.002074688796680498 0.004665629860031105
0 0.5923236514522822 0.9642301710730948 0.002074688796680498 0.004665629860031105
0 0.30601659751037347 0.7262830482115086 0.002074688796680498 0.004665629860031105
0 0.6099585062240664 0.8584758942457231 0.002074688796680498 0.004665629860031105
0 0.16182572614107885 0.9704510108864697 0.002074688796680498 0.004665629860031105
0 0.002074688796680498 0.76049766718507 0.002074688796680498 0.004665629860031105
0 0.5352697095435685 0.9611197511664075 0.002074688796680498 0.004665629860031105
0 0.17323651452282157 0.9875583203732504 0.002074688796680498 0.004665629860031105
0 0.5601659751037344 0.9720062208398134 0.002074688796680498 0.004665629860031105
0 0.58298755186722 0.942457231726283 0.002074688796680498 0.004665629860031105
0 0.01867219917012448 0.9828926905132193 0.002074688796680498 0.004665629860031105
0 0.7883817427385892 0.9097978227060654 0.002074688796680498 0.004665629860031105
0 0.4066390041493776 0.9440124416796267 0.002074688796680498 0.004665629860031105
0 0.2157676348547718 0.7853810264385692 0.002074688796680498 0.004665629860031105
0 0.9087136929460581 0.9813374805598756 0.002074688796680498 0.004665629860031105
0 0.10580912863070539 0.9751166407465007 0.002074688796680498 0.004665629860031105
0 0.8205394190871369 0.9035769828926905 0.002074688796680498 0.004665629860031105
0 0.1275933609958506 0.9300155520995335 0.002074688796680498 0.004665629860031105
0 0.1524896265560166 0.7527216174183515 0.002074688796680498 0.004665629860031105
0 0.2717842323651452 0.9548989113530326 0.002074688796680498 0.004665629860031105
0 0.9180497925311203 0.8118195956454122 0.002074688796680498 0.004665629860031105
0 0.508298755186722 0.9253499222395023 0.002074688796680498 0.004665629860031105
0 0.08817427385892117 0.9144634525660964 0.002074688796680498 0.004665629860031105
0 0.04771784232365145 0.9175738724727839 0.002074688796680498 0.004665629860031105
0 0.03630705394190872 0.9035769828926905 0.002074688796680498 0.004665629860031105
0 0.7655601659751037 0.9611197511664075 0.002074688796680498 0.004665629860031105
0 0.6524896265560166 0.7589424572317263 0.002074688796680498 0.004665629860031105
0 0.2095435684647303 0.7776049766718507 0.002074688796680498 0.004665629860031105
0 0.9284232365145229 0.9331259720062208 0.002074688796680498 0.004665629860031105
0 0.27282157676348545 0.973561430793157 0.002074688796680498 0.004665629860031105
0 0.07053941908713693 0.8926905132192846 0.002074688796680498 0.004665629860031105
0 0.8869294605809128 0.973561430793157 0.002074688796680498 0.004665629860031105
0 0.7780082987551867 0.9580093312597201 0.002074688796680498 0.004665629860031105
0 0.03941908713692946 0.895800933125972 0.002074688796680498 0.004665629860031105
0 0.40560165975103735 0.9580093312597201 0.002074688796680498 0.004665629860031105
0 0.8734439834024896 0.9704510108864697 0.002074688796680498 0.004665629860031105
0 0.8205394190871369 0.926905132192846 0.002074688796680498 0.004665629860031105
0 0.8226141078838174 0.942457231726283 0.002074688796680498 0.004665629860031105
0 0.9543568464730291 0.8724727838258165 0.002074688796680498 0.004665629860031105
0 0.3039419087136929 0.911353032659409 0.002074688796680498 0.004665629860031105
0 0.36929460580912865 0.937791601866252 0.002074688796680498 0.004665629860031105
0 0.49688796680497926 0.9782270606531882 0.002074688796680498 0.004665629860031105
0 0.9035269709543569 0.9284603421461898 0.002074688796680498 0.004665629860031105
0 0.8765560165975104 0.8926905132192846 0.002074688796680498 0.004665629860031105
0 0.5145228215767634 0.9906687402799378 0.002074688796680498 0.004665629860031105
0 0.2717842323651452 0.8491446345256609 0.002074688796680498 0.004665629860031105
0 0.40767634854771784 0.9704510108864697 0.002074688796680498 0.004665629860031105
0 0.014522821576763486 0.9097978227060654 0.002074688796680498 0.004665629860031105
0 0.30186721991701243 0.807153965785381 0.002074688796680498 0.004665629860031105
0 0.17634854771784234 0.9175738724727839 0.002074688796680498 0.004665629860031105
0 0.5736514522821576 0.9222395023328149 0.002074688796680498 0.004665629860031105
0 0.8869294605809128 0.937791601866252 0.002074688796680498 0.004665629860031105
0 0.21265560165975103 0.7527216174183515 0.002074688796680498 0.004665629860031105
0 0.5508298755186722 0.9844479004665629 0.002074688796680498 0.004665629860031105
0 0.27282157676348545 0.9066874027993779 0.002074688796680498 0.004665629860031105
0 0.15767634854771784 0.9129082426127527 0.002074688796680498 0.004665629860031105
0 0.5643153526970954 0.9486780715396579 0.002074688796680498 0.004665629860031105
0 0.9221991701244814 0.9611197511664075 0.002074688796680498 0.004665629860031105
0 0.39522821576763484 0.9315707620528771 0.002074688796680498 0.004665629860031105
0 0.4533195020746888 0.9502332814930016 0.002074688796680498 0.004665629860031105
0 0.29149377593361 0.9097978227060654 0.002074688796680498 0.004665629860031105
0 0.6265560165975104 0.9533437013996889 0.002074688796680498 0.004665629860031105
0 0.2925311203319502 0.9657853810264385 0.002074688796680498 0.004665629860031105
0 0.47614107883817425 0.9766718506998445 0.002074688796680498 0.004665629860031105
0 0.558091286307054 0.9253499222395023 0.002074688796680498 0.004665629860031105
0 0.7448132780082988 0.8227060653188181 0.002074688796680498 0.004665629860031105
0 0.2551867219917012 0.7527216174183515 0.002074688796680498 0.004665629860031105
0 0.23132780082987553 0.9813374805598756 0.002074688796680498 0.004665629860031105
0 0.5373443983402489 0.9362363919129082 0.002074688796680498 0.004665629860031105
0 0.4533195020746888 0.9766718506998445 0.002074688796680498 0.004665629860031105
0 0.7676348547717843 0.9144634525660964 0.002074688796680498 0.004665629860031105
0 0.8620331950207469 0.895800933125972 0.002074688796680498 0.004665629860031105
0 0.4699170124481328 0.7947122861586314 0.002074688796680498 0.004665629860031105
0 0.3993775933609959 0.9720062208398134 0.002074688796680498 0.004665629860031105
0 0.4470954356846473 0.80248833592535 0.002074688796680498 0.004665629860031105
0 0.023858921161825725 0.8164852255054432 0.002074688796680498 0.004665629860031105
0 0.17427385892116182 0.9129082426127527 0.002074688796680498 0.004665629860031105
0 0.25 0.9346811819595645 0.002074688796680498 0.004665629860031105
0 0.06016597510373444 0.9533437013996889 0.002074688796680498 0.004665629860031105
0 0.7468879668049793 0.7978227060653188 0.002074688796680498 0.004665629860031105
0 0.941908713692946 0.9191290824261276 0.002074688796680498 0.004665629860031105
0 0.6182572614107884 0.9548989113530326 0.002074688796680498 0.004665629860031105
0 0.6026970954356846 0.7931570762052877 0.002074688796680498 0.004665629860031105
0 0.6763485477178424 0.7869362363919129 0.002074688796680498 0.004665629860031105
0 0.4190871369294606 0.9175738724727839 0.002074688796680498 0.004665629860031105
0 0.7261410788381742 0.76049766718507 0.002074688796680498 0.004665629860031105
0 0.27282157676348545 0.9129082426127527 0.002074688796680498 0.004665629860031105
0 0.3620331950207469 0.9517884914463453 0.002074688796680498 0.004665629860031105
0 0.021784232365145227 0.9564541213063764 0.002074688796680498 0.004665629860031105
0 0.691908713692946 0.7869362363919129 0.002074688796680498 0.004665629860031105
0 0.22614107883817428 0.9082426127527217 0.002074688796680498 0.004665629860031105
0 0.5487551867219918 0.9611197511664075 0.002074688796680498 0.004665629860031105
0 0.45850622406639 0.8289269051321928 0.002074688796680498 0.004665629860031105
0 0.025933609958506226 0.7418351477449455 0.002074688796680498 0.004665629860031105
0 0.8589211618257261 0.9253499222395023 0.002074688796680498 0.004665629860031105
0 0.4699170124481328 0.9922239502332815 0.002074688796680498 0.004665629860031105
0 0.950207468879668 0.8926905132192846 0.002074688796680498 0.004665629860031105
0 0.5612033195020747 0.9253499222395023 0.002074688796680498 0.004665629860031105
0 0.20435684647302904 0.8693623639191291 0.002074688796680498 0.004665629860031105
0 0.13900414937759337 0.749611197511664 0.002074688796680498 0.004665629860031105
0 0.8641078838174274 0.9175738724727839 0.002074688796680498 0.004665629860031105
0 0.1275933609958506 0.9564541213063764 0.002074688796680498 0.004665629860031105
0 0.5850622406639004 0.7916018662519441 0.002074688796680498 0.004665629860031105
0 0.4284232365145228 0.9191290824261276 0.002074688796680498 0.004665629860031105
0 0.3278008298755187 0.9129082426127527 0.002074688796680498 0.004665629860031105
0 0.043568464730290454 0.9331259720062208 0.002074688796680498 0.004665629860031105
0 0.06327800829875518 0.9595645412130638 0.002074688796680498 0.004665629860031105
0 0.8973029045643154 0.9657853810264385 0.002074688796680498 0.004665629860031105
0 0.19813278008298754 0.8133748055987559 0.002074688796680498 0.004665629860031105
0 0.5186721991701245 0.9502332814930016 0.002074688796680498 0.004665629860031105
0 0.34647302904564314 0.9346811819595645 0.002074688796680498 0.004665629860031105
0 0.8433609958506224 0.9362363919129082 0.002074688796680498 0.004665629860031105
0 0.6058091286307054 0.9720062208398134 0.002074688796680498 0.004665629860031105
0 0.6026970954356846 0.9331259720062208 0.002074688796680498 0.004665629860031105
0 0.008298755186721992 0.9595645412130638 0.002074688796680498 0.004665629860031105
0 0.40767634854771784 0.9580093312597201 0.002074688796680498 0.004665629860031105
0 0.9346473029045643 0.8833592534992224 0.002074688796680498 0.004665629860031105
0 0.27074688796680496 0.8320373250388803 0.002074688796680498 0.004665629860031105
0 0.42946058091286304 0.7807153965785381 0.002074688796680498 0.004665629860031105
0 0.9802904564315352 0.9393468118195957 0.002074688796680498 0.004665629860031105
0 0.6390041493775933 0.8538102643856921 0.002074688796680498 0.004665629860031105
0 0.03008298755186722 0.9642301710730948 0.002074688796680498 0.004665629860031105
0 0.8340248962655602 0.9051321928460342 0.002074688796680498 0.004665629860031105
0 0.15871369294605808 0.9455676516329704 0.002074688796680498 0.004665629860031105
0 0.9854771784232366 0.8055987558320373 0.002074688796680498 0.004665629860031105
0 0.2354771784232365 0.776049766718507 0.002074688796680498 0.004665629860031105
0 0.06327800829875518 0.8989113530326595 0.002074688796680498 0.004665629860031105
0 0.12551867219917012 0.9502332814930016 0.002074688796680498 0.004665629860031105
0 0.5684647302904564 0.9626749611197511 0.002074688796680498 0.004665629860031105
0 0.3091286307053942 0.926905132192846 0.002074688796680498 0.004665629860031105
0 0.10477178423236515 0.9409020217729394 0.002074688796680498 0.004665629860031105
0 0.09232365145228216 0.9440124416796267 0.002074688796680498 0.004665629860031105
0 0.8900414937759336 0.8164852255054432 0.002074688796680498 0.004665629860031105
0 0.558091286307054 0.9906687402799378 0.002074688796680498 0.004665629860031105
0 0.10062240663900415 0.9657853810264385 0.002074688796680498 0.004665629860031105
0 0.8257261410788381 0.9704510108864697 0.002074688796680498 0.004665629860031105
0 0.11929460580912864 0.9751166407465007 0.002074688796680498 0.004665629860031105
0 0.3495850622406639 0.7402799377916018 0.002074688796680498 0.004665629860031105
0 0.3983402489626556 0.9191290824261276 0.002074688796680498 0.004665629860031105
0 0.3682572614107884 0.7682737169517885 0.002074688796680498 0.004665629860031105
0 0.7375518672199171 0.9517884914463453 0.002074688796680498 0.004665629860031105
0 0.48651452282157676 0.9751166407465007 0.002074688796680498 0.004665629860031105
0 0.8682572614107884 0.9191290824261276 0.002074688796680498 0.004665629860031105
0 0.8412863070539419 0.9206842923794712 0.002074688796680498 0.004665629860031105
0 0.4066390041493776 0.9657853810264385 0.002074688796680498 0.004665629860031105
0 0.04979253112033195 0.8895800933125972 0.002074688796680498 0.004665629860031105
0 0.4823651452282158 0.9844479004665629 0.002074688796680498 0.004665629860031105
0 0.6576763485477178 0.8569206842923794 0.002074688796680498 0.004665629860031105
0 0.008298755186721992 0.9066874027993779 0.002074688796680498 0.004665629860031105
0 0.5020746887966805 0.9891135303265941 0.002074688796680498 0.004665629860031105
0 0.8983402489626556 0.9020217729393468 0.002074688796680498 0.004665629860031105
0 0.3682572614107884 0.9517884914463453 0.002074688796680498 0.004665629860031105
0 0.16804979253112035 0.8149300155520995 0.002074688796680498 0.004665629860031105
0 0.3184647302904564 0.8211508553654744 0.002074688796680498 0.004665629860031105
0 0.9595435684647303 0.911353032659409 0.002074688796680498 0.004665629860031105
0 0.6462655601659751 0.7791601866251944 0.002074688796680498 0.004665629860031105
0 0.09336099585062241 0.9797822706065319 0.002074688796680498 0.004665629860031105
0 0.35269709543568467 0.9129082426127527 0.002074688796680498 0.004665629860031105
0 0.9533195020746889 0.9657853810264385 0.002074688796680498 0.004665629860031105
0 0.5736514522821576 0.9922239502332815 0.002074688796680498 0.004665629860031105
0 0.45954356846473027 0.7573872472783826 0.002074688796680498 0.004665629860031105
0 0.5726141078838174 0.9891135303265941 0.002074688796680498 0.004665629860031105
0 0.1504149377593361 0.937791601866252 0.002074688796680498 0.004665629860031105
0 0.36410788381742737 0.9517884914463453 0.002074688796680498 0.004665629860031105
0 0.8672199170124482 0.9626749611197511 0.002074688796680498 0.004665629860031105
0 0.2520746887966805 0.9486780715396579 0.002074688796680498 0.004665629860031105