0 0.8453125 0.5093896713615024 0.0125 0.023474178403755867
0 0.8703125 0.5070422535211268 0.0125 0.023474178403755867
0 0.634375 0.5516431924882629 0.01875 0.03051643192488263
0 0.95625 0.5187793427230047 0.0078125 0.011737089201877934
0 0.7125 0.528169014084507 0.009375 0.011737089201877934
0 0.3796875 0.5375586854460094 0.009375 0.018779342723004695
0 0.4578125 0.5140845070422535 0.015625 0.018779342723004695
0 0.9375 0.5046948356807511 0.0046875 0.011737089201877934
0 0.95 0.5046948356807511 0.009375 0.018779342723004695
0 0.4734375 0.5657276995305164 0.01875 0.03051643192488263
0 0.80625 0.5187793427230047 0.0078125 0.014084507042253521
0 0.4296875 0.539906103286385 0.0125 0.014084507042253521
0 0.9140625 0.5117370892018779 0.0125 0.023474178403755867