0 0.8521739130434782 0.5615942028985508 0.015217391304347827 0.036231884057971016
0 0.5804347826086956 0.5760869565217391 0.015217391304347827 0.036231884057971016
0 0.9847826086956522 0.5760869565217391 0.015217391304347827 0.036231884057971016
0 0.2782608695652174 0.5833333333333334 0.015217391304347827 0.036231884057971016
0 0.5543478260869565 0.5942028985507246 0.015217391304347827 0.036231884057971016
0 0.8630434782608696 0.6268115942028986 0.015217391304347827 0.036231884057971016
0 0.10217391304347827 0.6702898550724637 0.02608695652173913 0.07246376811594203
0 0.5347826086956522 0.6268115942028986 0.015217391304347827 0.036231884057971016
0 0.6869565217391305 0.5688405797101449 0.015217391304347827 0.036231884057971016
0 0.6282608695652174 0.5905797101449275 0.015217391304347827 0.036231884057971016
0 0.47608695652173916 0.6739130434782609 0.04782608695652174 0.10144927536231885
0 0.008695652173913044 0.6340579710144928 0.017391304347826087 0.09057971014492754
0 0.26304347826086955 0.5688405797101449 0.015217391304347827 0.036231884057971016
0 0.6065217391304348 0.6739130434782609 0.05434782608695652 0.09057971014492754
0 0.8804347826086957 0.6376811594202898 0.02826086956521739 0.05434782608695652
0 0.3782608695652174 0.5869565217391305 0.015217391304347827 0.036231884057971016
0 0.10217391304347827 0.572463768115942 0.015217391304347827 0.036231884057971016
0 0.9108695652173913 0.5760869565217391 0.015217391304347827 0.036231884057971016
0 0.15217391304347827 0.6086956521739131 0.015217391304347827 0.036231884057971016
0 0.13478260869565217 0.5615942028985508 0.015217391304347827 0.036231884057971016
0 0.3782608695652174 0.6268115942028986 0.015217391304347827 0.036231884057971016
0 0.7739130434782608 0.6847826086956522 0.04565217391304348 0.09782608695652174
0 0.7239130434782609 0.6123188405797102 0.015217391304347827 0.036231884057971016
0 0.3739130434782609 0.5652173913043478 0.015217391304347827 0.036231884057971016
0 0.6934782608695652 0.6594202898550725 0.021739130434782608 0.07246376811594203
0 0.034782608695652174 0.572463768115942 0.015217391304347827 0.036231884057971016
0 0.6065217391304348 0.5978260869565217 0.015217391304347827 0.036231884057971016
0 0.5130434782608696 0.5688405797101449 0.015217391304347827 0.036231884057971016
0 0.05652173913043478 0.5652173913043478 0.015217391304347827 0.036231884057971016
0 0.758695652173913 0.6123188405797102 0.015217391304347827 0.036231884057971016
0 0.7956521739130434 0.5905797101449275 0.015217391304347827 0.036231884057971016
0 0.8891304347826087 0.5905797101449275 0.015217391304347827 0.036231884057971016
0 0.13043478260869565 0.5833333333333334 0.015217391304347827 0.036231884057971016
0 0.041304347826086954 0.6485507246376812 0.03260869565217391 0.09057971014492754
0 0.5543478260869565 0.5652173913043478 0.015217391304347827 0.036231884057971016
0 0.4108695652173913 0.6340579710144928 0.0391304347826087 0.07246376811594203
0 0.5434782608695652 0.5615942028985508 0.015217391304347827 0.036231884057971016
0 0.5717391304347826 0.5942028985507246 0.015217391304347827 0.036231884057971016
0 0.6304347826086957 0.5688405797101449 0.015217391304347827 0.036231884057971016
0 0.4434782608695652 0.5978260869565217 0.015217391304347827 0.036231884057971016
0 0.15 0.5797101449275363 0.015217391304347827 0.036231884057971016
0 0.6869565217391305 0.5978260869565217 0.015217391304347827 0.036231884057971016
0 0.9782608695652174 0.6811594202898551 0.01956521739130435 0.036231884057971016
0 0.004347826086956522 0.5797101449275363 0.008695652173913044 0.03260869565217391
0 0.658695652173913 0.605072463768116 0.015217391304347827 0.036231884057971016
0 0.8804347826086957 0.5688405797101449 0.015217391304347827 0.036231884057971016
0 0.4543478260869565 0.5869565217391305 0.015217391304347827 0.036231884057971016
0 0.33695652173913043 0.6268115942028986 0.05434782608695652 0.09420289855072464
0 0.0891304347826087 0.5942028985507246 0.015217391304347827 0.036231884057971016
0 0.30434782608695654 0.6086956521739131 0.02608695652173913 0.07608695652173914
0 0.9717391304347827 0.5615942028985508 0.015217391304347827 0.036231884057971016
0 0.19130434782608696 0.5797101449275363 0.015217391304347827 0.036231884057971016
0 0.6130434782608696 0.5833333333333334 0.015217391304347827 0.036231884057971016
0 0.558695652173913 0.644927536231884 0.015217391304347827 0.036231884057971016
0 0.5869565217391305 0.6086956521739131 0.015217391304347827 0.036231884057971016
0 0.4934782608695652 0.6014492753623188 0.015217391304347827 0.036231884057971016
0 0.6608695652173913 0.5760869565217391 0.015217391304347827 0.036231884057971016
0 0.21521739130434783 0.5652173913043478 0.015217391304347827 0.036231884057971016
0 0.9195652173913044 0.5652173913043478 0.015217391304347827 0.036231884057971016
0 0.19130434782608696 0.6992753623188406 0.05652173913043478 0.09420289855072464
0 0.8130434782608695 0.6376811594202898 0.015217391304347827 0.036231884057971016
0 0.5 0.6340579710144928 0.015217391304347827 0.036231884057971016
0 0.11521739130434783 0.605072463768116 0.015217391304347827 0.036231884057971016
0 0.9521739130434783 0.5942028985507246 0.015217391304347827 0.036231884057971016
0 0.46304347826086956 0.5688405797101449 0.015217391304347827 0.036231884057971016
0 0.8304347826086956 0.572463768115942 0.015217391304347827 0.036231884057971016
0 0.25 0.6195652173913043 0.021739130434782608 0.057971014492753624
0 0.7891304347826087 0.5615942028985508 0.015217391304347827 0.036231884057971016
0 0.6434782608695652 0.5615942028985508 0.015217391304347827 0.036231884057971016
0 0.23043478260869565 0.5942028985507246 0.015217391304347827 0.036231884057971016
0 0.7760869565217391 0.5978260869565217 0.015217391304347827 0.036231884057971016
0 0.03695652173913044 0.6014492753623188 0.015217391304347827 0.036231884057971016
0 0.9326086956521739 0.6702898550724637 0.05217391304347826 0.09782608695652174
0 0.6739130434782609 0.6376811594202898 0.015217391304347827 0.036231884057971016
0 0.5369565217391304 0.5760869565217391 0.015217391304347827 0.036231884057971016
0 0.3347826086956522 0.5652173913043478 0.015217391304347827 0.036231884057971016
0 0.8456521739130435 0.5978260869565217 0.015217391304347827 0.036231884057971016
0 0.4956521739130435 0.5833333333333334 0.015217391304347827 0.036231884057971016
0 0.9586956521739131 0.5760869565217391 0.015217391304347827 0.036231884057971016
0 0.17608695652173914 0.6159420289855072 0.015217391304347827 0.036231884057971016
0 0.4782608695652174 0.572463768115942 0.015217391304347827 0.036231884057971016
0 0.47391304347826085 0.5869565217391305 0.015217391304347827 0.036231884057971016
0 0.5978260869565217 0.5688405797101449 0.015217391304347827 0.036231884057971016
0 0.41739130434782606 0.5978260869565217 0.015217391304347827 0.036231884057971016
0 0.4043478260869565 0.572463768115942 0.015217391304347827 0.036231884057971016