0 0.62 0.6537216828478964 0.01090909090909091 0.016181229773462782
0 0.7618181818181818 0.42718446601941745 0.0036363636363636364 0.006472491909385114
0 0.01818181818181818 0.5145631067961165 0.0036363636363636364 0.006472491909385114
0 0.7909090909090909 0.6601941747572816 0.01090909090909091 0.016181229773462782
0 0.8181818181818182 0.7152103559870551 0.01090909090909091 0.016181229773462782
0 0.2690909090909091 0.39805825242718446 0.0036363636363636364 0.006472491909385114
0 0.8054545454545454 0.49514563106796117 0.0036363636363636364 0.006472491909385114
0 0.1618181818181818 0.8025889967637541 0.01090909090909091 0.016181229773462782
0 0.7927272727272727 0.4174757281553398 0.0036363636363636364 0.006472491909385114
0 0.76 0.5631067961165048 0.0036363636363636364 0.006472491909385114
0 0.08727272727272728 0.47249190938511326 0.0036363636363636364 0.006472491909385114
0 0.23454545454545456 0.7119741100323624 0.01090909090909091 0.016181229773462782
0 0.9854545454545455 0.7443365695792881 0.01090909090909091 0.016181229773462782
0 0.2927272727272727 0.5048543689320388 0.0036363636363636364 0.006472491909385114
0 0.5945454545454546 0.686084142394822 0.01090909090909091 0.016181229773462782
0 0.6836363636363636 0.5372168284789643 0.0036363636363636364 0.006472491909385114
0 0.5890909090909091 0.6504854368932039 0.01090909090909091 0.016181229773462782
0 0.6218181818181818 0.7896440129449838 0.01090909090909091 0.016181229773462782
0 0.44181818181818183 0.8252427184466019 0.01090909090909091 0.016181229773462782
0 0.4218181818181818 0.42718446601941745 0.0036363636363636364 0.006472491909385114
0 0.5418181818181819 0.8673139158576052 0.01090909090909091 0.016181229773462782
0 0.3109090909090909 0.42071197411003236 0.0036363636363636364 0.006472491909385114
0 0.9072727272727272 0.5145631067961165 0.0036363636363636364 0.006472491909385114
0 0.2109090909090909 0.47896440129449835 0.0036363636363636364 0.006472491909385114
0 0.5309090909090909 0.45307443365695793 0.0036363636363636364 0.006472491909385114
0 0.31636363636363635 0.5242718446601942 0.0036363636363636364 0.006472491909385114
0 0.4527272727272727 0.49838187702265374 0.0036363636363636364 0.006472491909385114
0 0.8290909090909091 0.47572815533980584 0.0036363636363636364 0.006472491909385114
0 0.27454545454545454 0.5275080906148867 0.0036363636363636364 0.006472491909385114
0 0.7472727272727273 0.8932038834951457 0.01090909090909091 0.016181229773462782
0 0.8927272727272727 0.8090614886731392 0.01090909090909091 0.016181229773462782
0 0.8545454545454545 0.8640776699029126 0.01090909090909091 0.016181229773462782
0 0.4309090909090909 0.9093851132686084 0.01090909090909091 0.016181229773462782
0 0.41818181818181815 0.459546925566343 0.0036363636363636364 0.006472491909385114
0 0.44181818181818183 0.7378640776699029 0.01090909090909091 0.016181229773462782
0 0.48 0.517799352750809 0.0036363636363636364 0.006472491909385114
0 0.7745454545454545 0.6019417475728155 0.01090909090909091 0.016181229773462782
0 0.35818181818181816 0.4110032362459547 0.0036363636363636364 0.006472491909385114
0 0.9181818181818182 0.5760517799352751 0.0036363636363636364 0.006472491909385114
0 0.6763636363636364 0.45307443365695793 0.0036363636363636364 0.006472491909385114
0 0.2018181818181818 0.7055016181229773 0.01090909090909091 0.016181229773462782
0 0.8327272727272728 0.8220064724919094 0.01090909090909091 0.016181229773462782
0 0.8763636363636363 0.6084142394822006 0.01090909090909091 0.016181229773462782
0 0.41818181818181815 0.6375404530744336 0.01090909090909091 0.016181229773462782
0 0.6 0.46601941747572817 0.0036363636363636364 0.006472491909385114
0 0.4090909090909091 0.8155339805825242 0.01090909090909091 0.016181229773462782
0 0.9236363636363636 0.42071197411003236 0.0036363636363636364 0.006472491909385114
0 0.6072727272727273 0.49838187702265374 0.0036363636363636364 0.006472491909385114
0 0.6636363636363637 0.9061488673139159 0.01090909090909091 0.016181229773462782
0 0.22181818181818183 0.6472491909385113 0.01090909090909091 0.016181229773462782
0 0.5654545454545454 0.5048543689320388 0.0036363636363636364 0.006472491909385114
0 0.43636363636363634 0.4401294498381877 0.0036363636363636364 0.006472491909385114
0 0.11818181818181818 0.44336569579288027 0.0036363636363636364 0.006472491909385114
0 0.5854545454545454 0.7734627831715211 0.01090909090909091 0.016181229773462782
0 0.7036363636363636 0.7378640776699029 0.01090909090909091 0.016181229773462782
0 0.8236363636363636 0.5048543689320388 0.0036363636363636364 0.006472491909385114
0 0.25272727272727274 0.656957928802589 0.01090909090909091 0.016181229773462782
0 0.7454545454545455 0.7022653721682848 0.01090909090909091 0.016181229773462782
0 0.09454545454545454 0.7443365695792881 0.01090909090909091 0.016181229773462782
0 0.5545454545454546 0.5792880258899676 0.0036363636363636364 0.006472491909385114
0 0.7163636363636363 0.4627831715210356 0.0036363636363636364 0.006472491909385114
0 0.7563636363636363 0.6537216828478964 0.01090909090909091 0.016181229773462782
0 0.4109090909090909 0.5080906148867314 0.0036363636363636364 0.006472491909385114
0 0.08727272727272728 0.42718446601941745 0.0036363636363636364 0.006472491909385114
0 0.8527272727272728 0.517799352750809 0.0036363636363636364 0.006472491909385114
0 0.17454545454545456 0.5954692556634305 0.01090909090909091 0.016181229773462782
0 0.43454545454545457 0.47896440129449835 0.0036363636363636364 0.006472491909385114
0 0.41818181818181815 0.7411003236245954 0.01090909090909091 0.016181229773462782
0 0.5309090909090909 0.3883495145631068 0.0018181818181818182 0.003236245954692557
0 0.41454545454545455 0.4854368932038835 0.0036363636363636364 0.006472491909385114
0 0.15272727272727274 0.8673139158576052 0.01090909090909091 0.016181229773462782
0 0.44545454545454544 0.5728155339805825 0.0036363636363636364 0.006472491909385114
0 0.45636363636363636 0.4368932038834951 0.0036363636363636364 0.006472491909385114
0 0.8036363636363636 0.7637540453074434 0.01090909090909091 0.016181229773462782
0 0.01090909090909091 0.627831715210356 0.01090909090909091 0.016181229773462782
0 0.5927272727272728 0.9449838187702265 0.01090909090909091 0.016181229773462782
0 0.3472727272727273 0.8284789644012945 0.01090909090909091 0.016181229773462782
0 0.42 0.6796116504854369 0.01090909090909091 0.016181229773462782
0 0.3472727272727273 0.912621359223301 0.01090909090909091 0.016181229773462782
0 0.45636363636363636 0.46601941747572817 0.0036363636363636364 0.006472491909385114
0 0.28909090909090907 0.5566343042071198 0.0036363636363636364 0.006472491909385114
0 0.7527272727272727 0.3851132686084142 0.0018181818181818182 0.003236245954692557
0 0.44727272727272727 0.598705501618123 0.01090909090909091 0.016181229773462782
0 0.19272727272727272 0.5436893203883495 0.0036363636363636364 0.006472491909385114
0 0.6218181818181818 0.8349514563106796 0.01090909090909091 0.016181229773462782
0 0.8745454545454545 0.5339805825242718 0.0036363636363636364 0.006472491909385114
0 0.28909090909090907 0.6537216828478964 0.01090909090909091 0.016181229773462782
0 0.58 0.49838187702265374 0.0036363636363636364 0.006472491909385114
0 0.24545454545454545 0.6051779935275081 0.01090909090909091 0.016181229773462782
0 0.33090909090909093 0.3948220064724919 0.0036363636363636364 0.006472491909385114
0 0.40545454545454546 0.5760517799352751 0.0036363636363636364 0.006472491909385114
0 0.19272727272727272 0.7411003236245954 0.01090909090909091 0.016181229773462782
0 0.16545454545454547 0.4627831715210356 0.0036363636363636364 0.006472491909385114
0 0.6345454545454545 0.8932038834951457 0.01090909090909091 0.016181229773462782
0 0.6236363636363637 0.7346278317152104 0.01090909090909091 0.016181229773462782
0 0.3490909090909091 0.42394822006472493 0.0036363636363636364 0.006472491909385114
0 0.5490909090909091 0.5436893203883495 0.0036363636363636364 0.006472491909385114
0 0.3781818181818182 0.4368932038834951 0.0036363636363636364 0.006472491909385114
0 0.24 0.7896440129449838 0.01090909090909091 0.016181229773462782
0 0.6509090909090909 0.511326860841424 0.0036363636363636364 0.006472491909385114
0 0.09818181818181818 0.7087378640776699 0.01090909090909091 0.016181229773462782
0 0.056363636363636366 0.49514563106796117 0.0036363636363636364 0.006472491909385114
0 0.06545454545454546 0.42718446601941745 0.0036363636363636364 0.006472491909385114
0 0.7490909090909091 0.5760517799352751 0.0036363636363636364 0.006472491909385114
0 0.96 0.9579288025889967 0.01090909090909091 0.016181229773462782
0 0.9854545454545455 0.7119741100323624 0.01090909090909091 0.016181229773462782
0 0.24 0.6181229773462783 0.01090909090909091 0.016181229773462782
0 0.8090909090909091 0.43042071197411 0.0036363636363636364 0.006472491909385114
0 0.6054545454545455 0.6084142394822006 0.01090909090909091 0.016181229773462782
0 0.08545454545454545 0.6310679611650486 0.01090909090909091 0.016181229773462782
0 0.12363636363636364 0.4854368932038835 0.0036363636363636364 0.006472491909385114
0 0.19636363636363635 0.9223300970873787 0.01090909090909091 0.016181229773462782
0 0.12727272727272726 0.9352750809061489 0.01090909090909091 0.016181229773462782
0 0.8581818181818182 0.7508090614886731 0.01090909090909091 0.016181229773462782
0 0.27090909090909093 0.6957928802588996 0.01090909090909091 0.016181229773462782
0 0.33090909090909093 0.42718446601941745 0.0036363636363636364 0.006472491909385114
0 0.5836363636363636 0.5242718446601942 0.0036363636363636364 0.006472491909385114
0 0.84 0.7637540453074434 0.01090909090909091 0.016181229773462782
0 0.5581818181818182 0.47572815533980584 0.0036363636363636364 0.006472491909385114
0 0.4290909090909091 0.517799352750809 0.0036363636363636364 0.006472491909385114
0 0.16545454545454547 0.6310679611650486 0.01090909090909091 0.016181229773462782
0 0.6036363636363636 0.7411003236245954 0.01090909090909091 0.016181229773462782
0 0.39454545454545453 0.8996763754045307 0.01090909090909091 0.016181229773462782
0 0.7490909090909091 0.5307443365695793 0.0036363636363636364 0.006472491909385114
0 0.05454545454545454 0.5501618122977346 0.0036363636363636364 0.006472491909385114
0 0.7709090909090909 0.42394822006472493 0.0036363636363636364 0.006472491909385114
0 0.7090909090909091 0.4401294498381877 0.0036363636363636364 0.006472491909385114
0 0.5963636363636363 0.5760517799352751 0.0036363636363636364 0.006472491909385114
0 0.850909090909091 0.49838187702265374 0.0036363636363636364 0.006472491909385114
0 0.3836363636363636 0.7249190938511327 0.01090909090909091 0.016181229773462782
0 0.5581818181818182 0.656957928802589 0.01090909090909091 0.016181229773462782
0 0.3381818181818182 0.4563106796116505 0.0036363636363636364 0.006472491909385114
0 0.30727272727272725 0.44983818770226536 0.0036363636363636364 0.006472491909385114
0 0.2909090909090909 0.627831715210356 0.01090909090909091 0.016181229773462782
0 0.9018181818181819 0.42718446601941745 0.0036363636363636364 0.006472491909385114
0 0.7745454545454545 0.39805825242718446 0.0036363636363636364 0.006472491909385114
0 0.8854545454545455 0.8802588996763754 0.01090909090909091 0.016181229773462782
0 0.5072727272727273 0.5145631067961165 0.0036363636363636364 0.006472491909385114
0 0.8836363636363637 0.941747572815534 0.01090909090909091 0.016181229773462782
0 0.43636363636363634 0.6699029126213593 0.01090909090909091 0.016181229773462782
0 0.8090909090909091 0.6666666666666666 0.01090909090909091 0.016181229773462782