0 0.07575 0.6190476190476191 0.0155 0.03262092238470191
0 0.7305 0.6497937757780278 0.0235 0.03262092238470191
0 0.8295 0.6092988376452944 0.0125 0.02249718785151856
0 0.37875 0.566554180727409 0.0225 0.03712035995500562
0 0.297 0.6227971503562054 0.014 0.029996250468691414
0 0.25225 0.609673790776153 0.014 0.029996250468691414
0 0.9145 0.7000374953130859 0.034 0.07011623547056618
0 0.0001888125 0.00035316170405583436 0.000019000000000000018 0.0000511747055240142
0 0.44675 0.714660667416573 0.022 0.046494188226471694
0 0.92625 0.6122984626921635 0.014 0.01124859392575928
0 0.84 0.6400449943757031 0.01675 0.031496062992125984
0 0.9945 0.7320959880014998 0.011 0.0738657667791526
0 0.81725 0.6426696662917135 0.01675 0.031496062992125984
0 0.82025 0.7810273715785527 0.0445 0.08623922009748781
0 0.60625 0.756655418072741 0.0445 0.08623922009748781
0 0.4155 0.7630296212973379 0.03525 0.05511811023622047
0 0.42025 0.6126734158230221 0.01125 0.0254968128983877
0 0.78 0.6235470566179228 0.014 0.020247469066366704
0 0.3405 0.6130483689538808 0.01275 0.029996250468691414
0 0.1785 0.6527934008248969 0.018 0.027371578552680915
0 0.1975 0.7847769028871391 0.038 0.07011623547056618
0 0.51775 0.6070491188601425 0.014 0.010498687664041995
0 0.519 0.6325459317585301 0.0225 0.031496062992125984
0 0.10725 0.5868016497937758 0.03 0.0614923134608174
0 0.92275 0.6366704161979753 0.024 0.0412448443944507
0 0.00006743749999999999 0.0003575199894163961 0.000021999999999999993 0.00004653524046277117
0 0.36875 0.6047994000749907 0.02 0.04049493813273341
0 0.7365 0.6269216347956506 0.0165 0.025121859767529058
0 0.11625 0.6940382452193475 0.02525 0.049868766404199474