0 0.3583801498127341 0.6070926966292135 0.0025749063670411983 0.0059691011235955055
0 0.4815074906367041 0.42099719101123595 0.0028089887640449437 0.0035112359550561797
0 0.8000936329588015 0.35990168539325845 0.009363295880149813 0.016151685393258428
0 0.49204119850187267 0.44838483146067415 0.0028089887640449437 0.0035112359550561797
0 0.6772003745318352 0.38799157303370785 0.008661048689138577 0.010182584269662922
0 0.34573970037453183 0.7570224719101124 0.006788389513108614 0.00877808988764045
0 0.4131554307116105 0.5674157303370787 0.003979400749063671 0.00877808988764045
0 0.5924625468164794 0.3771067415730337 0.0032771535580524347 0.007373595505617977
0 0.5730337078651685 0.4199438202247191 0.0032771535580524347 0.007373595505617977
0 0.3057116104868914 0.6404494382022472 0.0025749063670411983 0.006320224719101123
0 0.6917134831460674 0.36587078651685395 0.008661048689138577 0.010182584269662922
0 0.5786516853932584 0.38799157303370785 0.0032771535580524347 0.007373595505617977
0 0.2375936329588015 0.7942415730337079 0.0046816479400749065 0.006320224719101123
0 0.42485955056179775 0.6745084269662921 0.003979400749063671 0.006320224719101123
0 0.5280898876404494 0.41678370786516855 0.0032771535580524347 0.007373595505617977
0 0.5676498127340824 0.6113061797752809 0.009363295880149813 0.028792134831460675
0 0.6427902621722846 0.38202247191011235 0.008661048689138577 0.010182584269662922
0 0.7015449438202247 0.37394662921348315 0.008661048689138577 0.010182584269662922
0 0.5599250936329588 0.42134831460674155 0.0032771535580524347 0.007373595505617977
0 0.44897003745318353 0.6436095505617978 0.003979400749063671 0.006320224719101123
0 0.5222378277153558 0.39396067415730335 0.0032771535580524347 0.007373595505617977
0 0.5316011235955056 0.3356741573033708 0.0032771535580524347 0.007373595505617977
0 0.5849719101123596 0.43433988764044945 0.0032771535580524347 0.007373595505617977
0 0.6720505617977528 0.39536516853932585 0.008661048689138577 0.010182584269662922
0 0.536750936329588 0.4241573033707865 0.0032771535580524347 0.007373595505617977
0 0.579119850187266 0.3595505617977528 0.0032771535580524347 0.007373595505617977
0 0.41385767790262173 0.7036516853932584 0.003979400749063671 0.006320224719101123
0 0.46676029962546817 0.5512640449438202 0.003979400749063671 0.00877808988764045
0 0.1301498127340824 0.922752808988764 0.006086142322097378 0.00877808988764045
0 0.5491573033707865 0.4216994382022472 0.0032771535580524347 0.007373595505617977
0 0.983380149812734 0.46594101123595505 0.017322097378277154 0.04108146067415731
0 0.1596441947565543 0.8700842696629213 0.005852059925093633 0.007724719101123595
0 0.5823970037453183 0.3433988764044944 0.0032771535580524347 0.007373595505617977
0 0.4431179775280899 0.6527387640449438 0.003979400749063671 0.006320224719101123
0 0.5566479400749064 0.33286516853932585 0.0032771535580524347 0.007373595505617977
0 0.6331928838951311 0.3514747191011236 0.008661048689138577 0.010182584269662922
0 0.6561329588014981 0.46980337078651685 0.009363295880149813 0.0175561797752809
0 0.5493913857677902 0.35990168539325845 0.0032771535580524347 0.007373595505617977
0 0.6381086142322098 0.3377808988764045 0.008661048689138577 0.010182584269662922
0 0.5812265917602997 0.7191011235955056 0.012640449438202247 0.0351123595505618
0 0.5514981273408239 0.4392556179775281 0.0032771535580524347 0.007373595505617977
0 0.548689138576779 0.33321629213483145 0.0032771535580524347 0.007373595505617977
0 0.538623595505618 0.42064606741573035 0.0032771535580524347 0.007373595505617977
0 0.46676029962546817 0.5294943820224719 0.003979400749063671 0.00877808988764045
0 0.3714887640449438 0.6141151685393258 0.0025749063670411983 0.0059691011235955055
0 0.5608614232209738 0.4058988764044944 0.0032771535580524347 0.007373595505617977
0 0.33029026217228463 0.71875 0.003979400749063671 0.0049157303370786515
0 0.5971441947565543 0.3999297752808989 0.0032771535580524347 0.007373595505617977
0 0.5767790262172284 0.43504213483146065 0.0032771535580524347 0.007373595505617977
0 0.287687265917603 0.6945224719101124 0.0028089887640449437 0.0052668539325842695
0 0.6711142322097379 0.38974719101123595 0.008661048689138577 0.010182584269662922
0 0.36891385767790263 0.5853230337078652 0.0025749063670411983 0.0059691011235955055
0 0.5299625468164794 0.4066011235955056 0.0032771535580524347 0.007373595505617977
0 0.5543071161048689 0.3479634831460674 0.0032771535580524347 0.007373595505617977
0 0.5259831460674157 0.3497191011235955 0.0032771535580524347 0.007373595505617977
0 0.7195692883895131 0.5115870786516854 0.009363295880149813 0.0175561797752809
0 0.2846441947565543 0.6843398876404494 0.0028089887640449437 0.0052668539325842695
0 0.49719101123595505 0.6495786516853933 0.009363295880149813 0.028792134831460675
0 0.550561797752809 0.375 0.0032771535580524347 0.007373595505617977
0 0.5756086142322098 0.3479634831460674 0.0032771535580524347 0.007373595505617977
0 0.5278558052434457 0.523876404494382 0.006086142322097378 0.012640449438202247
0 0.25187265917602997 0.8163623595505618 0.0046816479400749065 0.006320224719101123
0 0.5969101123595506 0.40941011235955055 0.0032771535580524347 0.007373595505617977
0 0.24625468164794007 0.8086376404494382 0.0046816479400749065 0.006320224719101123
0 0.6273408239700374 0.382373595505618 0.0032771535580524347 0.007373595505617977
0 0.5812265917602997 0.4371488764044944 0.0032771535580524347 0.007373595505617977
0 0.5374531835205992 0.35639044943820225 0.0032771535580524347 0.007373595505617977
0 0.536750936329588 0.3416432584269663 0.0032771535580524347 0.007373595505617977
0 0.5948033707865169 0.42310393258426965 0.0032771535580524347 0.007373595505617977
0 0.15660112359550563 0.9245084269662921 0.006086142322097378 0.00877808988764045
0 0.5032771535580525 0.4571629213483146 0.006086142322097378 0.012640449438202247
0 0.7226123595505618 0.33110955056179775 0.008661048689138577 0.010182584269662922
0 0.3059456928838951 0.6453651685393258 0.0025749063670411983 0.006320224719101123
0 0.5344101123595506 0.34691011235955055 0.0032771535580524347 0.007373595505617977
0 0.36118913857677903 0.7243679775280899 0.003979400749063671 0.006320224719101123
0 0.5507958801498127 0.37991573033707865 0.0032771535580524347 0.007373595505617977
0 0.6661985018726592 0.5094803370786517 0.009363295880149813 0.0175561797752809
0 0.6575374531835206 0.49754213483146065 0.009363295880149813 0.0175561797752809
0 0.5709269662921348 0.36973314606741575 0.0032771535580524347 0.007373595505617977
0 0.9812734082397003 0.5849719101123596 0.026685393258426966 0.08742977528089887
0 0.5760767790262172 0.42907303370786515 0.0032771535580524347 0.007373595505617977
0 0.6264044943820225 0.3960674157303371 0.0032771535580524347 0.007373595505617977
0 0.5828651685393258 0.4202949438202247 0.0032771535580524347 0.007373595505617977
0 0.43515917602996257 0.4554073033707865 0.0028089887640449437 0.0035112359550561797
0 0.5877808988764045 0.36587078651685395 0.0032771535580524347 0.007373595505617977
0 0.43773408239700373 0.45997191011235955 0.0028089887640449437 0.0035112359550561797
0 0.5781835205992509 0.34129213483146065 0.0032771535580524347 0.007373595505617977
0 0.23267790262172286 0.8177668539325843 0.0046816479400749065 0.006320224719101123
0 0.45552434456928836 0.8648174157303371 0.017322097378277154 0.04002808988764045
0 0.40051498127340823 0.7549157303370787 0.006788389513108614 0.00877808988764045
0 0.6996722846441947 0.3360252808988764 0.008661048689138577 0.010182584269662922
0 0.3089887640449438 0.6495786516853933 0.0025749063670411983 0.006320224719101123
0 0.6051029962546817 0.7696629213483146 0.02785580524344569 0.0586376404494382
0 0.35720973782771537 0.7419241573033708 0.003979400749063671 0.006320224719101123
0 0.5617977528089888 0.3472612359550562 0.0032771535580524347 0.007373595505617977
0 0.10346441947565543 0.9501404494382022 0.0032771535580524347 0.007373595505617977
0 0.1956928838951311 0.8693820224719101 0.005852059925093633 0.007724719101123595
0 0.11540262172284645 0.9483848314606742 0.006086142322097378 0.00877808988764045
0 0.7015449438202247 0.40625 0.008661048689138577 0.010182584269662922
0 0.5341760299625468 0.3595505617977528 0.0032771535580524347 0.007373595505617977
0 0.3398876404494382 0.6032303370786517 0.0011704119850187266 0.0024578651685393258
0 0.6554307116104869 0.34866573033707865 0.008661048689138577 0.010182584269662922
0 0.22752808988764045 0.7816011235955056 0.0046816479400749065 0.006320224719101123
0 0.5629681647940075 0.37183988764044945 0.0032771535580524347 0.007373595505617977
0 0.549625468164794 0.48735955056179775 0.006086142322097378 0.012640449438202247
0 0.44756554307116103 0.6773174157303371 0.003979400749063671 0.006320224719101123
0 0.40823970037453183 0.5603932584269663 0.003979400749063671 0.00877808988764045
0 0.3256086142322097 0.7629915730337079 0.006788389513108614 0.00877808988764045
0 0.5297284644194756 0.3398876404494382 0.0032771535580524347 0.007373595505617977
0 0.3714887640449438 0.5933988764044944 0.0025749063670411983 0.0059691011235955055
0 0.398876404494382 0.7320926966292135 0.003979400749063671 0.006320224719101123
0 0.40870786516853935 0.4820926966292135 0.0011704119850187266 0.0035112359550561797
0 0.5301966292134831 0.39712078651685395 0.0032771535580524347 0.007373595505617977
0 0.6816479400749064 0.6903089887640449 0.014044943820224719 0.03616573033707865
0 0.5543071161048689 0.40133426966292135 0.0032771535580524347 0.007373595505617977
0 0.6870318352059925 0.3950140449438202 0.008661048689138577 0.010182584269662922
0 0.6479400749063671 0.5003511235955056 0.009363295880149813 0.0175561797752809
0 0.5933988764044944 0.33532303370786515 0.0032771535580524347 0.007373595505617977
0 0.8218632958801498 0.38167134831460675 0.009363295880149813 0.016151685393258428
0 0.44030898876404495 0.4631320224719101 0.0028089887640449437 0.0035112359550561797
0 0.20177902621722846 0.8089887640449438 0.0014044943820224719 0.0038623595505617976
0 0.5245786516853933 0.3651685393258427 0.0032771535580524347 0.007373595505617977
0 0.5191947565543071 0.43504213483146065 0.0032771535580524347 0.007373595505617977
0 0.6161048689138576 0.35252808988764045 0.0032771535580524347 0.007373595505617977
0 0.5739700374531835 0.4378511235955056 0.0032771535580524347 0.007373595505617977
0 0.3707865168539326 0.5979634831460674 0.0025749063670411983 0.0059691011235955055
0 0.6109550561797753 0.42872191011235955 0.0032771535580524347 0.007373595505617977
0 0.3684456928838951 0.613061797752809 0.0025749063670411983 0.0059691011235955055
0 0.19428838951310862 0.8946629213483146 0.005852059925093633 0.007724719101123595
0 0.5124063670411985 0.35990168539325845 0.0032771535580524347 0.007373595505617977
0 0.2530430711610487 0.7517556179775281 0.0046816479400749065 0.006320224719101123
0 0.352059925093633 0.6004213483146067 0.0011704119850187266 0.0024578651685393258
0 0.5454119850187266 0.6643258426966292 0.009363295880149813 0.028792134831460675
0 0.2949438202247191 0.9322331460674157 0.006086142322097378 0.00877808988764045
0 0.4927434456928839 0.4157303370786517 0.0028089887640449437 0.0035112359550561797
0 0.24929775280898878 0.7447331460674157 0.003979400749063671 0.0049157303370786515
0 0.5718632958801498 0.3472612359550562 0.0032771535580524347 0.007373595505617977
0 0.588249063670412 0.36657303370786515 0.0032771535580524347 0.007373595505617977
0 0.7031835205992509 0.3792134831460674 0.008661048689138577 0.010182584269662922
0 0.6622191011235955 0.5154494382022472 0.009363295880149813 0.0175561797752809
0 0.3600187265917603 0.5919943820224719 0.0025749063670411983 0.0059691011235955055
0 0.36118913857677903 0.5986657303370787 0.0025749063670411983 0.0059691011235955055
0 0.43773408239700373 0.6615168539325843 0.003979400749063671 0.006320224719101123
0 0.5461142322097379 0.3865870786516854 0.0032771535580524347 0.007373595505617977
0 0.2633426966292135 0.7243679775280899 0.003979400749063671 0.0049157303370786515
0 0.5536048689138576 0.37745786516853935 0.0032771535580524347 0.007373595505617977
0 0.301498127340824 0.6372893258426966 0.0025749063670411983 0.006320224719101123
0 0.2633426966292135 0.7271769662921348 0.003979400749063671 0.0049157303370786515
0 0.3352059925093633 0.7570224719101124 0.006788389513108614 0.00877808988764045
0 0.5341760299625468 0.4392556179775281 0.0032771535580524347 0.007373595505617977
0 0.5470505617977528 0.425561797752809 0.0032771535580524347 0.007373595505617977
0 0.5442415730337079 0.4160814606741573 0.0032771535580524347 0.007373595505617977
0 0.5603932584269663 0.5375702247191011 0.008661048689138577 0.013693820224719102
0 0.3958333333333333 0.6688904494382022 0.003979400749063671 0.006320224719101123
0 0.2174625468164794 0.8058286516853933 0.0014044943820224719 0.0038623595505617976
0 0.5210674157303371 0.33146067415730335 0.0032771535580524347 0.007373595505617977
0 0.5177902621722846 0.43995786516853935 0.0032771535580524347 0.007373595505617977
0 0.5742041198501873 0.36235955056179775 0.0032771535580524347 0.007373595505617977
0 0.34597378277153557 0.5997191011235955 0.0011704119850187266 0.0024578651685393258
0 0.5868445692883895 0.3342696629213483 0.0032771535580524347 0.007373595505617977
0 0.2495318352059925 0.7844101123595506 0.0046816479400749065 0.006320224719101123
0 0.24859550561797752 0.7464887640449438 0.003979400749063671 0.0049157303370786515
0 0.5962078651685393 0.34269662921348315 0.0032771535580524347 0.007373595505617977
0 0.2806647940074906 0.7011938202247191 0.0028089887640449437 0.0052668539325842695
0 0.5224719101123596 0.4027387640449438 0.0032771535580524347 0.007373595505617977
0 0.33052434456928836 0.7577247191011236 0.006788389513108614 0.00877808988764045
0 0.3000936329588015 0.6358848314606742 0.0025749063670411983 0.006320224719101123
0 0.175561797752809 0.910814606741573 0.005852059925093633 0.007724719101123595
0 0.5177902621722846 0.40765449438202245 0.0032771535580524347 0.007373595505617977
0 0.1348314606741573 0.9441713483146067 0.006086142322097378 0.00877808988764045
0 0.17345505617977527 0.8746488764044944 0.005852059925093633 0.007724719101123595
0 0.5671816479400749 0.34445224719101125 0.0032771535580524347 0.007373595505617977
0 0.17111423220973782 0.8563904494382022 0.005852059925093633 0.007724719101123595
0 0.5730337078651685 0.3886938202247191 0.0032771535580524347 0.007373595505617977
0 0.45552434456928836 0.6190308988764045 0.003979400749063671 0.00877808988764045
0 0.5571161048689138 0.6158707865168539 0.009363295880149813 0.028792134831460675
0 0.26170411985018727 0.7331460674157303 0.003979400749063671 0.0049157303370786515
0 0.635065543071161 0.37254213483146065 0.008661048689138577 0.010182584269662922
0 0.5245786516853933 0.4157303370786517 0.0032771535580524347 0.007373595505617977
0 0.3991104868913858 0.7025983146067416 0.003979400749063671 0.006320224719101123
0 0.5641385767790262 0.38553370786516855 0.0032771535580524347 0.007373595505617977
0 0.42837078651685395 0.47366573033707865 0.0011704119850187266 0.0035112359550561797
0 0.31647940074906367 0.6583567415730337 0.0025749063670411983 0.006320224719101123
0 0.5554775280898876 0.3985252808988764 0.0032771535580524347 0.007373595505617977
0 0.13576779026217228 0.9469803370786517 0.006086142322097378 0.00877808988764045
0 0.5252808988764045 0.38974719101123595 0.0032771535580524347 0.007373595505617977
0 0.31390449438202245 0.6527387640449438 0.0025749063670411983 0.006320224719101123
0 0.26357677902621723 0.7289325842696629 0.003979400749063671 0.0049157303370786515
0 0.2577247191011236 0.7910814606741573 0.0046816479400749065 0.006320224719101123
0 0.30079588014981273 0.7893258426966292 0.0046816479400749065 0.006320224719101123
0 0.412687265917603 0.7675561797752809 0.006788389513108614 0.00877808988764045
0 0.4541198501872659 0.5526685393258427 0.003979400749063671 0.00877808988764045
0 0.5793539325842697 0.37745786516853935 0.0032771535580524347 0.007373595505617977
0 0.48010299625468167 0.5087780898876404 0.0028089887640449437 0.0035112359550561797
0 0.4012172284644195 0.6875 0.003979400749063671 0.006320224719101123
0 0.25749063670411987 0.7247191011235955 0.003979400749063671 0.0049157303370786515
0 0.5838014981273408 0.425561797752809 0.0032771535580524347 0.007373595505617977
0 0.5875468164794008 0.35252808988764045 0.0032771535580524347 0.007373595505617977
0 0.23478464419475656 0.829002808988764 0.0046816479400749065 0.006320224719101123
0 0.572565543071161 0.43082865168539325 0.0032771535580524347 0.007373595505617977
0 0.5395599250936329 0.34831460674157305 0.0032771535580524347 0.007373595505617977
0 0.6811797752808989 0.6544943820224719 0.014044943820224719 0.03616573033707865
0 0.21629213483146068 0.7988061797752809 0.0014044943820224719 0.0038623595505617976
0 0.31741573033707865 0.6520365168539326 0.0025749063670411983 0.006320224719101123
0 0.5294943820224719 0.3767556179775281 0.0032771535580524347 0.007373595505617977
0 0.6671348314606742 0.4845505617977528 0.009363295880149813 0.0175561797752809
0 0.5440074906367042 0.36271067415730335 0.0032771535580524347 0.007373595505617977
0 0.4344569288389513 0.47787921348314605 0.0028089887640449437 0.0035112359550561797
0 0.374063670411985 0.5849719101123596 0.0025749063670411983 0.0059691011235955055
0 0.24040262172284643 0.7896769662921348 0.0046816479400749065 0.006320224719101123
0 0.599250936329588 0.41889044943820225 0.0032771535580524347 0.007373595505617977
0 0.17439138576779026 0.9051966292134831 0.005852059925093633 0.007724719101123595
0 0.1931179775280899 0.8325140449438202 0.0025749063670411983 0.0052668539325842695
0 0.45575842696629215 0.45435393258426965 0.0028089887640449437 0.0035112359550561797
0 0.4049625468164794 0.7661516853932584 0.006788389513108614 0.00877808988764045
0 0.6963951310861424 0.8163623595505618 0.043305243445692886 0.08497191011235955
0 0.30290262172284643 0.644311797752809 0.0025749063670411983 0.006320224719101123
0 0.5669475655430711 0.3655196629213483 0.0032771535580524347 0.007373595505617977
0 0.3000936329588015 0.8479634831460674 0.005852059925093633 0.007724719101123595
0 0.1947565543071161 0.8174157303370787 0.0025749063670411983 0.0052668539325842695
0 0.5847378277153558 0.3493679775280899 0.0032771535580524347 0.007373595505617977
0 0.2029494382022472 0.8293539325842697 0.0014044943820224719 0.0038623595505617976
0 0.47752808988764045 0.4178370786516854 0.0028089887640449437 0.0035112359550561797
0 0.2272940074906367 0.7872191011235955 0.0046816479400749065 0.006320224719101123
0 0.28370786516853935 0.745435393258427 0.003979400749063671 0.0049157303370786515
0 0.5938670411985019 0.39712078651685395 0.0032771535580524347 0.007373595505617977
0 0.5692883895131086 0.42099719101123595 0.0032771535580524347 0.007373595505617977
0 0.4302434456928839 0.5537219101123596 0.003979400749063671 0.00877808988764045
0 0.528558052434457 0.39536516853932585 0.0032771535580524347 0.007373595505617977
0 0.588249063670412 0.37816011235955055 0.0032771535580524347 0.007373595505617977
0 0.5308988764044944 0.42485955056179775 0.0032771535580524347 0.007373595505617977
0 0.5613295880149812 0.33848314606741575 0.0032771535580524347 0.007373595505617977
0 0.2722378277153558 0.7538623595505618 0.0046816479400749065 0.006320224719101123
0 0.6186797752808989 0.48700842696629215 0.009363295880149813 0.0175561797752809
0 0.2200374531835206 0.7801966292134831 0.0046816479400749065 0.006320224719101123
0 0.5660112359550562 0.40870786516853935 0.0032771535580524347 0.007373595505617977
0 0.4272003745318352 0.742626404494382 0.003979400749063671 0.006320224719101123
0 0.39864232209737827 0.49087078651685395 0.0011704119850187266 0.0035112359550561797
0 0.712312734082397 0.3813202247191011 0.008661048689138577 0.010182584269662922
0 0.49602059925093633 0.4101123595505618 0.0028089887640449437 0.0035112359550561797
0 0.5512640449438202 0.44066011235955055 0.0032771535580524347 0.007373595505617977
0 0.42134831460674155 0.461376404494382 0.0011704119850187266 0.0035112359550561797
0 0.9655898876404494 0.5463483146067416 0.026685393258426966 0.08742977528089887
0 0.18328651685393257 0.8960674157303371 0.005852059925093633 0.007724719101123595
0 0.5283239700374532 0.425561797752809 0.0032771535580524347 0.007373595505617977
0 0.3527621722846442 0.7341994382022472 0.003979400749063671 0.0049157303370786515
0 0.15894194756554308 0.9160814606741573 0.005852059925093633 0.007724719101123595
0 0.3445692883895131 0.7275280898876404 0.003979400749063671 0.0049157303370786515
0 0.25842696629213485 0.8300561797752809 0.0046816479400749065 0.006320224719101123
0 0.6116573033707865 0.7419241573033708 0.014044943820224719 0.03616573033707865
0 0.23384831460674158 0.8117977528089888 0.0046816479400749065 0.006320224719101123
0 0.575374531835206 0.3886938202247191 0.0032771535580524347 0.007373595505617977
0 0.6226591760299626 0.47928370786516855 0.009363295880149813 0.0175561797752809
0 0.6732209737827716 0.4234550561797753 0.008661048689138577 0.010182584269662922
0 0.5648408239700374 0.3707865168539326 0.0032771535580524347 0.007373595505617977
0 0.4152621722846442 0.7071629213483146 0.003979400749063671 0.006320224719101123
0 0.19756554307116106 0.8834269662921348 0.005852059925093633 0.007724719101123595
0 0.2572565543071161 0.8311095505617978 0.0046816479400749065 0.006320224719101123
0 0.6945224719101124 0.36797752808988765 0.008661048689138577 0.010182584269662922
0 0.5936329588014981 0.40133426966292135 0.0032771535580524347 0.007373595505617977
0 0.24602059925093633 0.7794943820224719 0.0046816479400749065 0.006320224719101123
0 0.7088014981273408 0.4789325842696629 0.009363295880149813 0.0175561797752809
0 0.5465823970037453 0.48490168539325845 0.006086142322097378 0.012640449438202247
0 0.2544475655430712 0.8110955056179775 0.0046816479400749065 0.006320224719101123
0 0.5756086142322098 0.34234550561797755 0.0032771535580524347 0.007373595505617977
0 0.7425093632958801 0.42837078651685395 0.009363295880149813 0.016151685393258428
0 0.537687265917603 0.6091994382022472 0.009363295880149813 0.028792134831460675
0 0.6013576779026217 0.3767556179775281 0.0032771535580524347 0.007373595505617977
0 0.37640449438202245 0.5895365168539326 0.0025749063670411983 0.0059691011235955055
0 0.31296816479400746 0.6569522471910112 0.0025749063670411983 0.006320224719101123
0 0.4080056179775281 0.9174859550561798 0.022705992509363296 0.037570224719101125
0 0.20739700374531836 0.7801966292134831 0.0014044943820224719 0.0038623595505617976
0 0.19545880149812733 0.8258426966292135 0.0025749063670411983 0.0052668539325842695
0 0.34620786516853935 0.589185393258427 0.0011704119850187266 0.0024578651685393258
0 0.5917602996254682 0.4241573033707865 0.0032771535580524347 0.007373595505617977
0 0.5561797752808989 0.6091994382022472 0.009363295880149813 0.028792134831460675
0 0.4426498127340824 0.45435393258426965 0.0028089887640449437 0.0035112359550561797
0 0.5004681647940075 0.8023174157303371 0.012640449438202247 0.0351123595505618
0 0.5543071161048689 0.3767556179775281 0.0032771535580524347 0.007373595505617977
0 0.6383426966292135 0.3883426966292135 0.008661048689138577 0.010182584269662922
0 0.15660112359550563 0.8648174157303371 0.005852059925093633 0.007724719101123595
0 0.528558052434457 0.3844803370786517 0.0032771535580524347 0.007373595505617977
0 0.5517322097378277 0.44066011235955055 0.0032771535580524347 0.007373595505617977
0 0.5685861423220974 0.48700842696629215 0.006086142322097378 0.012640449438202247
0 0.1301498127340824 0.9283707865168539 0.006086142322097378 0.00877808988764045
0 0.6107209737827716 0.4238061797752809 0.0032771535580524347 0.007373595505617977
0 0.5987827715355806 0.42485955056179775 0.0032771535580524347 0.007373595505617977
0 0.41713483146067415 0.4820926966292135 0.0011704119850187266 0.0035112359550561797
0 0.5290262172284644 0.4297752808988764 0.0032771535580524347 0.007373595505617977
0 0.31015917602996257 0.7686095505617978 0.0046816479400749065 0.006320224719101123
0 0.5512640449438202 0.4259129213483146 0.0032771535580524347 0.007373595505617977
0 0.5582865168539326 0.5853230337078652 0.008661048689138577 0.013693820224719102
0 0.5400280898876404 0.40870786516853935 0.0032771535580524347 0.007373595505617977
0 0.45692883895131087 0.4726123595505618 0.0028089887640449437 0.0035112359550561797
0 0.4058988764044944 0.6699438202247191 0.003979400749063671 0.006320224719101123
0 0.33169475655430714 0.7152387640449438 0.003979400749063671 0.0049157303370786515
0 0.26942883895131087 0.6850421348314607 0.0028089887640449437 0.0052668539325842695
0 0.5702247191011236 0.40484550561797755 0.0032771535580524347 0.007373595505617977
0 0.3579119850187266 0.5877808988764045 0.0025749063670411983 0.0059691011235955055
0 0.5180243445692884 0.49754213483146065 0.006086142322097378 0.012640449438202247
0 0.5456460674157303 0.3472612359550562 0.0032771535580524347 0.007373595505617977
0 0.4545880149812734 0.425561797752809 0.0028089887640449437 0.0035112359550561797
0 0.6547284644194756 0.39536516853932585 0.008661048689138577 0.010182584269662922
0 0.23220973782771537 0.7787921348314607 0.0046816479400749065 0.006320224719101123
0 0.11797752808988764 0.9318820224719101 0.006086142322097378 0.00877808988764045
0 0.6004213483146067 0.3402387640449438 0.0032771535580524347 0.007373595505617977
0 0.3497191011235955 0.5933988764044944 0.0011704119850187266 0.0024578651685393258
0 0.45435393258426965 0.5316011235955056 0.003979400749063671 0.00877808988764045
0 0.45131086142322097 0.4705056179775281 0.0028089887640449437 0.0035112359550561797
0 0.32982209737827717 0.7363061797752809 0.003979400749063671 0.0049157303370786515
0 0.5997191011235955 0.43609550561797755 0.0032771535580524347 0.007373595505617977
0 0.5234082397003745 0.4220505617977528 0.0032771535580524347 0.007373595505617977
0 0.4859550561797753 0.40765449438202245 0.0028089887640449437 0.0035112359550561797
0 0.48267790262172283 0.5038623595505618 0.0028089887640449437 0.0035112359550561797
0 0.5779494382022472 0.38588483146067415 0.0032771535580524347 0.007373595505617977
0 0.15472846441947566 0.9515449438202247 0.006086142322097378 0.00877808988764045
0 0.5210674157303371 0.34655898876404495 0.0032771535580524347 0.007373595505617977
0 0.8782771535580525 0.42837078651685395 0.017322097378277154 0.04108146067415731
0 0.25140449438202245 0.7521067415730337 0.0046816479400749065 0.006320224719101123
0 0.4779962546816479 0.514747191011236 0.0028089887640449437 0.0035112359550561797
0 0.5320692883895131 0.5688202247191011 0.008661048689138577 0.013693820224719102
0 0.5231741573033708 0.36235955056179775 0.0032771535580524347 0.007373595505617977
0 0.4211142322097378 0.5512640449438202 0.003979400749063671 0.00877808988764045
0 0.28136704119850187 0.7247191011235955 0.003979400749063671 0.0049157303370786515
0 0.34222846441947563 0.5976123595505618 0.0011704119850187266 0.0024578651685393258
0 0.1451310861423221 0.9434691011235955 0.006086142322097378 0.00877808988764045
0 0.24578651685393257 0.7313904494382022 0.003979400749063671 0.0049157303370786515
0 0.3707865168539326 0.605688202247191 0.0025749063670411983 0.0059691011235955055
0 0.3719569288389513 0.7120786516853933 0.003979400749063671 0.006320224719101123
0 0.4794007490636704 0.4957865168539326 0.0028089887640449437 0.0035112359550561797
0 0.5793539325842697 0.5747893258426966 0.008661048689138577 0.013693820224719102
0 0.42837078651685395 0.706811797752809 0.003979400749063671 0.006320224719101123
0 0.7155898876404494 0.49683988764044945 0.009363295880149813 0.0175561797752809
0 0.40519662921348315 0.46734550561797755 0.0011704119850187266 0.0035112359550561797
0 0.5332397003745318 0.37570224719101125 0.0032771535580524347 0.007373595505617977
0 0.39747191011235955 0.7212078651685393 0.003979400749063671 0.006320224719101123
0 0.17064606741573032 0.925561797752809 0.006086142322097378 0.00877808988764045
0 0.4583333333333333 0.4318820224719101 0.0028089887640449437 0.0035112359550561797
0 0.5585205992509363 0.5196629213483146 0.006086142322097378 0.012640449438202247
0 0.21184456928838952 0.797752808988764 0.0014044943820224719 0.0038623595505617976
0 0.5702247191011236 0.4027387640449438 0.0032771535580524347 0.007373595505617977
0 0.5622659176029963 0.382373595505618 0.0032771535580524347 0.007373595505617977
0 0.2633426966292135 0.7756320224719101 0.0046816479400749065 0.006320224719101123
0 0.5669475655430711 0.456811797752809 0.006086142322097378 0.012640449438202247
0 0.21605805243445692 0.8072331460674157 0.0014044943820224719 0.0038623595505617976
0 0.7029494382022472 0.35849719101123595 0.008661048689138577 0.010182584269662922
0 0.4096441947565543 0.5456460674157303 0.003979400749063671 0.00877808988764045
0 0.37008426966292135 0.7138342696629213 0.003979400749063671 0.006320224719101123
0 0.24719101123595505 0.8149578651685393 0.0046816479400749065 0.006320224719101123
0 0.2982209737827715 0.7429775280898876 0.003979400749063671 0.0049157303370786515
0 0.5955056179775281 0.36060393258426965 0.0032771535580524347 0.007373595505617977
0 0.18656367041198502 0.8739466292134831 0.005852059925093633 0.007724719101123595
0 0.22448501872659177 0.8332162921348315 0.0046816479400749065 0.006320224719101123
0 0.2200374531835206 0.8072331460674157 0.0046816479400749065 0.006320224719101123
0 0.20692883895131087 0.8279494382022472 0.0014044943820224719 0.0038623595505617976
0 0.4267322097378277 0.7682584269662921 0.006788389513108614 0.00877808988764045
0 0.18422284644194756 0.8953651685393258 0.005852059925093633 0.007724719101123595
0 0.22752808988764045 0.805126404494382 0.0046816479400749065 0.006320224719101123
0 0.4066011235955056 0.4606741573033708 0.0011704119850187266 0.0035112359550561797
0 0.5362827715355806 0.3377808988764045 0.0032771535580524347 0.007373595505617977
0 0.5245786516853933 0.632373595505618 0.009363295880149813 0.028792134831460675
0 0.262874531835206 0.7464887640449438 0.003979400749063671 0.0049157303370786515
0 0.5936329588014981 0.35849719101123595 0.0032771535580524347 0.007373595505617977
0 0.25749063670411987 0.7756320224719101 0.0046816479400749065 0.006320224719101123
0 0.20482209737827714 0.889747191011236 0.005852059925093633 0.007724719101123595
0 0.6568352059925093 0.37008426966292135 0.008661048689138577 0.010182584269662922
0 0.653558052434457 0.4722612359550562 0.009363295880149813 0.0175561797752809
0 0.5140449438202247 0.4859550561797753 0.006086142322097378 0.012640449438202247
0 0.4044943820224719 0.5589887640449438 0.003979400749063671 0.00877808988764045
0 0.23642322097378277 0.7974016853932584 0.0046816479400749065 0.006320224719101123
0 0.6757958801498127 0.6316713483146067 0.014044943820224719 0.03616573033707865
0 0.1575374531835206 0.8806179775280899 0.005852059925093633 0.007724719101123595
0 0.1348314606741573 0.932935393258427 0.006086142322097378 0.00877808988764045
0 0.5273876404494382 0.3669241573033708 0.0032771535580524347 0.007373595505617977
0 0.5646067415730337 0.3577949438202247 0.0032771535580524347 0.007373595505617977
0 0.2919007490636704 0.6818820224719101 0.0028089887640449437 0.0052668539325842695
0 0.5140449438202247 0.45821629213483145 0.006086142322097378 0.012640449438202247
0 0.41292134831460675 0.7169943820224719 0.003979400749063671 0.006320224719101123
0 0.1797752808988764 0.8788623595505618 0.005852059925093633 0.007724719101123595
0 0.289559925093633 0.7819522471910112 0.0046816479400749065 0.006320224719101123
0 0.4286048689138577 0.5593398876404494 0.003979400749063671 0.00877808988764045
0 0.4342228464419476 0.4157303370786517 0.0028089887640449437 0.0035112359550561797
0 0.43375468164794007 0.6228932584269663 0.003979400749063671 0.00877808988764045
0 0.7200374531835206 0.33883426966292135 0.008661048689138577 0.010182584269662922
0 0.21371722846441948 0.7910814606741573 0.0014044943820224719 0.0038623595505617976
0 0.6271067415730337 0.3960674157303371 0.0032771535580524347 0.007373595505617977
0 0.16807116104868913 0.8900983146067416 0.005852059925093633 0.007724719101123595
0 0.5849719101123596 0.3493679775280899 0.0032771535580524347 0.007373595505617977
0 0.288623595505618 0.6776685393258427 0.0028089887640449437 0.0052668539325842695
0 0.37359550561797755 0.5828651685393258 0.0025749063670411983 0.0059691011235955055
0 0.5737359550561798 0.4097612359550562 0.0032771535580524347 0.007373595505617977
0 0.2303370786516854 0.7914325842696629 0.0046816479400749065 0.006320224719101123
0 0.32982209737827717 0.7148876404494382 0.003979400749063671 0.0049157303370786515
0 0.35884831460674155 0.586376404494382 0.0025749063670411983 0.0059691011235955055
0 0.4616104868913858 0.41502808988764045 0.0028089887640449437 0.0035112359550561797
0 0.34386704119850187 0.6074438202247191 0.002106741573033708 0.0024578651685393258
0 0.5243445692883895 0.3535814606741573 0.0032771535580524347 0.007373595505617977
0 0.6739232209737828 0.36235955056179775 0.008661048689138577 0.010182584269662922
0 0.35580524344569286 0.714185393258427 0.003979400749063671 0.006320224719101123
0 0.2495318352059925 0.7679073033707865 0.0046816479400749065 0.006320224719101123
0 0.2937734082397004 0.7524578651685393 0.0046816479400749065 0.006320224719101123
0 0.5372191011235955 0.38026685393258425 0.0032771535580524347 0.007373595505617977
0 0.5414325842696629 0.3395365168539326 0.0032771535580524347 0.007373595505617977
0 0.23478464419475656 0.8233848314606742 0.0046816479400749065 0.006320224719101123
0 0.35510299625468167 0.6123595505617978 0.0025749063670411983 0.0059691011235955055
0 0.5823970037453183 0.38553370786516855 0.0032771535580524347 0.007373595505617977
0 0.7406367041198502 0.33707865168539325 0.009363295880149813 0.016151685393258428
0 0.5447097378277154 0.5825140449438202 0.008661048689138577 0.013693820224719102
0 0.591058052434457 0.4202949438202247 0.0032771535580524347 0.007373595505617977
0 0.21301498127340823 0.8300561797752809 0.0014044943820224719 0.0038623595505617976
0 0.6645599250936329 0.7229634831460674 0.014044943820224719 0.03616573033707865
0 0.5622659176029963 0.3637640449438202 0.0032771535580524347 0.007373595505617977
0 0.40004681647940077 0.6544943820224719 0.003979400749063671 0.006320224719101123
0 0.45997191011235955 0.41537921348314605 0.0028089887640449437 0.0035112359550561797
0 0.5189606741573034 0.38974719101123595 0.0032771535580524347 0.007373595505617977
0 0.5301966292134831 0.3981741573033708 0.0032771535580524347 0.007373595505617977
0 0.6664325842696629 0.43855337078651685 0.008661048689138577 0.010182584269662922
0 0.4344569288389513 0.7120786516853933 0.003979400749063671 0.006320224719101123
0 0.5840355805243446 0.4125702247191011 0.0032771535580524347 0.007373595505617977
0 0.5299625468164794 0.39115168539325845 0.0032771535580524347 0.007373595505617977
0 0.5697565543071161 0.3553370786516854 0.0032771535580524347 0.007373595505617977
0 0.363061797752809 0.581811797752809 0.0025749063670411983 0.0059691011235955055
0 0.32092696629213485 0.7770365168539326 0.006788389513108614 0.00877808988764045
0 0.5793539325842697 0.5828651685393258 0.008661048689138577 0.013693820224719102
0 0.6596441947565543 0.4006320224719101 0.008661048689138577 0.010182584269662922
0 0.4700374531835206 0.4164325842696629 0.0028089887640449437 0.0035112359550561797
0 0.41409176029962547 0.6818820224719101 0.003979400749063671 0.006320224719101123
0 0.3089887640449438 0.6365870786516854 0.0025749063670411983 0.006320224719101123
0 0.5507958801498127 0.394311797752809 0.0032771535580524347 0.007373595505617977
0 0.42181647940074907 0.5495084269662921 0.003979400749063671 0.00877808988764045
0 0.23899812734082396 0.7921348314606742 0.0046816479400749065 0.006320224719101123
0 0.5592228464419475 0.42240168539325845 0.0032771535580524347 0.007373595505617977
0 0.7109082397003745 0.3830758426966292 0.008661048689138577 0.010182584269662922
0 0.5468164794007491 0.5712780898876404 0.008661048689138577 0.013693820224719102
0 0.4187734082397004 0.4691011235955056 0.0011704119850187266 0.0035112359550561797
0 0.5554775280898876 0.41678370786516855 0.0032771535580524347 0.007373595505617977
0 0.5596910112359551 0.4631320224719101 0.006086142322097378 0.012640449438202247
0 0.6551966292134831 0.40695224719101125 0.008661048689138577 0.010182584269662922
0 0.6718164794007491 0.40941011235955055 0.008661048689138577 0.010182584269662922
0 0.5402621722846442 0.738061797752809 0.012640449438202247 0.0351123595505618
0 0.5887172284644194 0.37219101123595505 0.0032771535580524347 0.007373595505617977
0 0.4234550561797753 0.6558988764044944 0.003979400749063671 0.006320224719101123
0 0.5519662921348315 0.39747191011235955 0.0032771535580524347 0.007373595505617977
0 0.5278558052434457 0.35428370786516855 0.0032771535580524347 0.007373595505617977
0 0.24040262172284643 0.7587780898876404 0.0046816479400749065 0.006320224719101123
0 0.2710674157303371 0.6913623595505618 0.0028089887640449437 0.0052668539325842695
0 0.43937265917602997 0.46558988764044945 0.0028089887640449437 0.0035112359550561797
0 0.35908239700374533 0.5979634831460674 0.0025749063670411983 0.0059691011235955055
0 0.6561329588014981 0.36271067415730335 0.008661048689138577 0.010182584269662922
0 0.3036048689138577 0.6527387640449438 0.0025749063670411983 0.006320224719101123
0 0.6343632958801498 0.35287921348314605 0.008661048689138577 0.010182584269662922
0 0.5236423220973783 0.4294241573033708 0.0032771535580524347 0.007373595505617977
0 0.6690074906367042 0.37780898876404495 0.008661048689138577 0.010182584269662922
0 0.7097378277153558 0.39712078651685395 0.008661048689138577 0.010182584269662922
0 0.40098314606741575 0.7349016853932584 0.003979400749063671 0.006320224719101123
0 0.5278558052434457 0.34831460674157305 0.0032771535580524347 0.007373595505617977
0 0.5290262172284644 0.49683988764044945 0.006086142322097378 0.012640449438202247
0 0.35369850187265917 0.5916432584269663 0.0025749063670411983 0.0059691011235955055
0 0.17743445692883894 0.8981741573033708 0.005852059925093633 0.007724719101123595
0 0.3565074906367041 0.5804073033707865 0.0025749063670411983 0.0059691011235955055
0 0.42368913857677903 0.7482443820224719 0.003979400749063671 0.006320224719101123
0 0.24391385767790263 0.8339185393258427 0.0046816479400749065 0.006320224719101123
0 0.13389513108614232 0.9252106741573034 0.006086142322097378 0.00877808988764045
0 0.56437265917603 0.355688202247191 0.0032771535580524347 0.007373595505617977
0 0.7153558052434457 0.34901685393258425 0.008661048689138577 0.010182584269662922
0 0.6168071161048689 0.511938202247191 0.009363295880149813 0.0175561797752809
0 0.34691011235955055 0.5990168539325843 0.0011704119850187266 0.0024578651685393258
0 0.6013576779026217 0.41116573033707865 0.0032771535580524347 0.007373595505617977
0 0.6399812734082397 0.37359550561797755 0.008661048689138577 0.010182584269662922
0 0.5419007490636704 0.36271067415730335 0.0032771535580524347 0.007373595505617977
0 0.6132958801498127 0.4476825842696629 0.009363295880149813 0.0175561797752809
0 0.2511704119850187 0.8188202247191011 0.0046816479400749065 0.006320224719101123
0 0.44897003745318353 0.5502106741573034 0.003979400749063671 0.00877808988764045
0 0.5812265917602997 0.4157303370786517 0.0032771535580524347 0.007373595505617977
0 0.7921348314606742 0.35603932584269665 0.009363295880149813 0.016151685393258428
0 0.6692415730337079 0.36060393258426965 0.008661048689138577 0.010182584269662922
0 0.36750936329588013 0.6116573033707865 0.0025749063670411983 0.0059691011235955055
0 0.6495786516853933 0.3297050561797753 0.008661048689138577 0.010182584269662922
0 0.5578183520599251 0.3714887640449438 0.0032771535580524347 0.007373595505617977
0 0.6570692883895131 0.5172050561797753 0.009363295880149813 0.0175561797752809
0 0.5259831460674157 0.6643258426966292 0.009363295880149813 0.028792134831460675
0 0.31788389513108617 0.6355337078651685 0.0025749063670411983 0.006320224719101123
0 0.22167602996254682 0.7794943820224719 0.0046816479400749065 0.006320224719101123
0 0.398876404494382 0.7415730337078652 0.003979400749063671 0.006320224719101123
0 0.3274812734082397 0.6091994382022472 0.002106741573033708 0.0024578651685393258
0 0.9098782771535581 0.3065308988764045 0.014044943820224719 0.03476123595505618
0 0.2598314606741573 0.7668539325842697 0.0046816479400749065 0.006320224719101123
0 0.48735955056179775 0.4957865168539326 0.0028089887640449437 0.0035112359550561797
0 0.24719101123595505 0.8110955056179775 0.0046816479400749065 0.006320224719101123
0 0.723314606741573 0.35990168539325845 0.008661048689138577 0.010182584269662922
0 0.412687265917603 0.648876404494382 0.003979400749063671 0.006320224719101123
0 0.5449438202247191 0.36587078651685395 0.0032771535580524347 0.007373595505617977
0 0.17860486891385768 0.9143258426966292 0.005852059925093633 0.007724719101123595
0 0.32935393258426965 0.7363061797752809 0.003979400749063671 0.0049157303370786515
0 0.6612827715355806 0.9273174157303371 0.043305243445692886 0.08497191011235955
0 0.3840121722846442 0.9824438202247191 0.022705992509363296 0.0351123595505618
0 0.7015449438202247 0.7608848314606742 0.043305243445692886 0.08497191011235955
0 0.25702247191011235 0.8223314606741573 0.0046816479400749065 0.006320224719101123
0 0.6797752808988764 0.6148174157303371 0.014044943820224719 0.03616573033707865
0 0.34058988764044945 0.7363061797752809 0.003979400749063671 0.0049157303370786515
0 0.23618913857677903 0.8103932584269663 0.0046816479400749065 0.006320224719101123
0 0.2872191011235955 0.675561797752809 0.0028089887640449437 0.0052668539325842695
0 0.33497191011235955 0.7198033707865169 0.003979400749063671 0.0049157303370786515
0 0.6612827715355806 0.34269662921348315 0.008661048689138577 0.010182584269662922
0 0.22354868913857678 0.785814606741573 0.0046816479400749065 0.006320224719101123
0 0.26381086142322097 0.7717696629213483 0.0046816479400749065 0.006320224719101123
0 0.363061797752809 0.735252808988764 0.003979400749063671 0.006320224719101123
0 0.7165262172284644 0.367626404494382 0.008661048689138577 0.010182584269662922
0 0.48852996254681647 0.46418539325842695 0.0028089887640449437 0.0035112359550561797
0 0.6172752808988764 0.3402387640449438 0.0032771535580524347 0.007373595505617977
0 0.2066947565543071 0.8103932584269663 0.0014044943820224719 0.0038623595505617976
0 0.5390917602996255 0.5249297752808989 0.006086142322097378 0.012640449438202247
0 0.19405430711610486 0.7988061797752809 0.0025749063670411983 0.0052668539325842695
0 0.45365168539325845 0.45049157303370785 0.0028089887640449437 0.0035112359550561797
0 0.6591760299625468 0.37780898876404495 0.008661048689138577 0.010182584269662922
0 0.19405430711610486 0.8009129213483146 0.0025749063670411983 0.0052668539325842695
0 0.35767790262172283 0.7145365168539326 0.003979400749063671 0.006320224719101123
0 0.540496254681648 0.43504213483146065 0.0032771535580524347 0.007373595505617977
0 0.6750936329588015 0.4652387640449438 0.009363295880149813 0.0175561797752809
0 0.3852996254681648 0.7219101123595506 0.003979400749063671 0.006320224719101123
0 0.5503277153558053 0.4262640449438202 0.0032771535580524347 0.007373595505617977
0 0.19920411985018727 0.7900280898876404 0.0014044943820224719 0.0038623595505617976
0 0.12640449438202248 0.9346910112359551 0.006086142322097378 0.00877808988764045
0 0.42743445692883897 0.7492977528089888 0.003979400749063671 0.006320224719101123
0 0.5912921348314607 0.4125702247191011 0.0032771535580524347 0.007373595505617977
0 0.4225187265917603 0.7668539325842697 0.006788389513108614 0.00877808988764045
0 0.7102059925093633 0.35884831460674155 0.008661048689138577 0.010182584269662922
0 0.2979868913857678 0.7879213483146067 0.0046816479400749065 0.006320224719101123
0 0.46886704119850187 0.827247191011236 0.017322097378277154 0.04002808988764045
0 0.4859550561797753 0.47401685393258425 0.0028089887640449437 0.0035112359550561797
0 0.11938202247191011 0.9399578651685393 0.006086142322097378 0.00877808988764045
0 0.5522003745318352 0.40484550561797755 0.0032771535580524347 0.007373595505617977
0 0.5690543071161048 0.3813202247191011 0.0032771535580524347 0.007373595505617977
0 0.6973314606741573 0.40730337078651685 0.008661048689138577 0.010182584269662922
0 0.5617977528089888 0.6481741573033708 0.009363295880149813 0.028792134831460675
0 0.3125 0.7686095505617978 0.0046816479400749065 0.006320224719101123
0 0.5552434456928839 0.4195926966292135 0.0032771535580524347 0.007373595505617977
0 0.41151685393258425 0.4592696629213483 0.0011704119850187266 0.0035112359550561797
0 0.5416666666666666 0.363061797752809 0.0032771535580524347 0.007373595505617977
0 0.12336142322097378 0.9399578651685393 0.006086142322097378 0.00877808988764045
0 0.238061797752809 0.8030196629213483 0.0046816479400749065 0.006320224719101123
0 0.4812734082397004 0.488061797752809 0.0028089887640449437 0.0035112359550561797
0 0.5955056179775281 0.4336376404494382 0.0032771535580524347 0.007373595505617977
0 0.3410580524344569 0.6032303370786517 0.0011704119850187266 0.0024578651685393258
0 0.30852059925093633 0.6485252808988764 0.0025749063670411983 0.006320224719101123
0 0.6238295880149812 0.3908005617977528 0.0032771535580524347 0.007373595505617977
0 0.8635299625468165 0.36973314606741575 0.017322097378277154 0.04108146067415731
0 0.21067415730337077 0.7893258426966292 0.0014044943820224719 0.0038623595505617976
0 0.5514981273408239 0.34304775280898875 0.0032771535580524347 0.007373595505617977
0 0.22144194756554308 0.7949438202247191 0.0046816479400749065 0.006320224719101123
0 0.5667134831460674 0.39009831460674155 0.0032771535580524347 0.007373595505617977
0 0.5512640449438202 0.3616573033707865 0.0032771535580524347 0.007373595505617977
0 0.2804307116104869 0.738061797752809 0.003979400749063671 0.0049157303370786515
0 0.21044007490636704 0.8058286516853933 0.0014044943820224719 0.0038623595505617976
0 0.2148876404494382 0.7851123595505618 0.0014044943820224719 0.0038623595505617976
0 0.5578183520599251 0.39782303370786515 0.0032771535580524347 0.007373595505617977
0 0.448501872659176 0.5705758426966292 0.003979400749063671 0.00877808988764045
0 0.42790262172284643 0.7198033707865169 0.003979400749063671 0.006320224719101123
0 0.17439138576779026 0.898876404494382 0.005852059925093633 0.007724719101123595
0 0.48618913857677903 0.425561797752809 0.0028089887640449437 0.0035112359550561797
0 0.5145131086142322 0.519311797752809 0.006086142322097378 0.012640449438202247
0 0.6807116104868914 0.38202247191011235 0.008661048689138577 0.010182584269662922
0 0.5273876404494382 0.34094101123595505 0.0032771535580524347 0.007373595505617977
0 0.5255149812734082 0.42485955056179775 0.0032771535580524347 0.007373595505617977
0 0.6804775280898876 0.36622191011235955 0.008661048689138577 0.010182584269662922
0 0.5423689138576779 0.43293539325842695 0.0032771535580524347 0.007373595505617977
0 0.6006554307116105 0.43047752808988765 0.0032771535580524347 0.007373595505617977
0 0.7565543071161048 0.33918539325842695 0.009363295880149813 0.016151685393258428
0 0.5767790262172284 0.3356741573033708 0.0032771535580524347 0.007373595505617977
0 0.3728932584269663 0.6109550561797753 0.0025749063670411983 0.0059691011235955055
0 0.2663857677902622 0.7535112359550562 0.0046816479400749065 0.006320224719101123
0 0.5479868913857678 0.35252808988764045 0.0032771535580524347 0.007373595505617977
0 0.537687265917603 0.37043539325842695 0.0032771535580524347 0.007373595505617977
0 0.5313670411985019 0.36025280898876405 0.0032771535580524347 0.007373595505617977
0 0.5301966292134831 0.5424859550561798 0.008661048689138577 0.013693820224719102