0 0.819047619047619 0.4525 0.06746031746031746 0.10125
0 0.696031746031746 0.12125 0.06190476190476191 0.11375
0 0.37222222222222223 0.45 0.06746031746031746 0.10125
0 0.6880952380952381 0.70625 0.08095238095238096 0.135
0 0.6825396825396826 0.4375 0.06746031746031746 0.10125
0 0.2365079365079365 0.19625 0.06190476190476191 0.11375
0 0.19206349206349208 0.09875 0.06190476190476191 0.11375
0 0.9301587301587302 0.031875 0.0626984126984127 0.06375
0 0.8706349206349207 0.3425 0.06746031746031746 0.10125
0 0.0007797933988410178 0.0003 0.00005228017132779037 0.0001296875
0 0.523015873015873 0.55125 0.08095238095238096 0.135
0 0.021825396825396824 0.1375 0.04365079365079365 0.11375
0 0.1 0.09875 0.06190476190476191 0.11375
0 0.46190476190476193 0.4775 0.06746031746031746 0.10125
0 0.5452380952380952 0.47125 0.06746031746031746 0.10125
0 0.6174603174603175 0.3675 0.06746031746031746 0.10125
0 0.48968253968253966 0.75625 0.08095238095238096 0.135
0 0.7952380952380952 0.62125 0.08095238095238096 0.135
0 0.7936507936507936 0.05875 0.06190476190476191 0.11375
0 0.2976190476190476 0.44875 0.06746031746031746 0.10125
0 0.28095238095238095 0.37375 0.06746031746031746 0.10125
0 0.2261904761904762 0.45 0.06746031746031746 0.10125
0 0.35079365079365077 0.195 0.06190476190476191 0.11375
0 0.5182539682539683 0.2375 0.06190476190476191 0.11375
0 0.48412698412698413 0.8375 0.08095238095238096 0.135
0 0.03888888888888889 0.7275 0.07777777777777778 0.135
0 0.7666666666666667 0.22125 0.06190476190476191 0.11375
0 0.25476190476190474 0.1 0.06190476190476191 0.11375
0 0.24365079365079365 0.93125 0.08095238095238096 0.135
0 0.0007867220962459058 0.0007265625000000001 0.00005353993449231552 0.00012656250000000007
0 0.319047619047619 0.6575 0.08095238095238096 0.135
0 0.5357142857142857 0.1125 0.06190476190476191 0.11375
0 0.049206349206349205 0.38625 0.06746031746031746 0.10125
0 0.28253968253968254 0.75625 0.08095238095238096 0.135
0 0.4873015873015873 0.15125 0.06190476190476191 0.11375
0 0.16587301587301587 0.36875 0.06746031746031746 0.10125
0 0.7142857142857143 0.28625 0.06190476190476191 0.11375
0 0.5198412698412699 0.34875 0.06746031746031746 0.10125
0 0.4634920634920635 0.58625 0.08095238095238096 0.135
0 0.7674603174603175 0.66875 0.08095238095238096 0.135
0 0.22380952380952382 0.26625 0.06190476190476191 0.11375
0 0.4238095238095238 0.34375 0.06746031746031746 0.10125
0 0.16666666666666666 0.46375 0.06746031746031746 0.10125
0 0.7222222222222222 0.6075 0.08095238095238096 0.135
0 0.6396825396825396 0.54875 0.08095238095238096 0.135
0 0.9031746031746032 0.43625 0.06746031746031746 0.10125
0 0.9531746031746032 0.635 0.08095238095238096 0.135
0 0.9103174603174603 0.53625 0.06746031746031746 0.10125
0 0.0007791635172587553 0.000634375 0.000056059460821365563 0.00013593749999999994
0 0.3357142857142857 0.52875 0.06746031746031746 0.10125
0 0.8412698412698413 0.08625 0.06190476190476191 0.11375