0 0.9375 0.44355555555555554 0.031 0.07555555555555556
0 0.11 0.328 0.031 0.07555555555555556
0 0.395 0.6222222222222222 0.031 0.07555555555555556
0 0.922 0.9146666666666666 0.037 0.09066666666666667
0 0.39 0.37866666666666665 0.031 0.07555555555555556
0 0.8015 0.4791111111111111 0.031 0.07555555555555556
0 0.2275 0.424 0.031 0.07555555555555556
0 0.454 0.6222222222222222 0.031 0.07555555555555556
0 0.7465 0.6462222222222223 0.031 0.07555555555555556
0 0.563 0.7306666666666667 0.037 0.09066666666666667
0 0.293 0.5493333333333333 0.031 0.07555555555555556
0 0.4875 0.7164444444444444 0.031 0.07555555555555556
0 0.6395 0.33955555555555555 0.031 0.07555555555555556
0 0.504 0.5955555555555555 0.031 0.07555555555555556
0 0.6075 0.688 0.031 0.07555555555555556
0 0.8515 0.7626666666666667 0.037 0.09066666666666667
0 0.78 0.8791111111111111 0.037 0.09066666666666667
0 0.913 0.9413333333333334 0.037 0.09066666666666667
0 0.8935 0.7813333333333333 0.037 0.09066666666666667
0 0.4695 0.31377777777777777 0.031 0.07555555555555556
0 0.3045 0.6524444444444445 0.031 0.07555555555555556
0 0.2485 0.3893333333333333 0.031 0.07555555555555556
0 0.549 0.8542222222222222 0.037 0.09066666666666667
0 0.1345 0.5484444444444444 0.031 0.07555555555555556
0 0.3855 0.20977777777777779 0.031 0.07555555555555556
0 0.1865 0.3048888888888889 0.031 0.07555555555555556
0 0.192 0.584 0.031 0.07555555555555556
0 0.00975 0.5733333333333334 0.0195 0.07555555555555556
0 0.235 0.6604444444444444 0.031 0.07555555555555556
0 0.6625 0.5928888888888889 0.031 0.07555555555555556
0 0.5395 0.37422222222222223 0.031 0.07555555555555556
0 0.0955 0.7546666666666667 0.037 0.09066666666666667
0 0.533 0.7191111111111111 0.031 0.07555555555555556
0 0.0625 0.21866666666666668 0.031 0.07555555555555556
0 0.929 0.7262222222222222 0.031 0.07555555555555556
0 0.00041575 0.0008643950617283951 0.000018499999999999962 0.0000805925925925927
0 0.7835 0.49866666666666665 0.031 0.07555555555555556
0 0.014 0.3333333333333333 0.028 0.07555555555555556
0 0.025 0.03244444444444444 0.031 0.06488888888888888
0 0.2395 0.2871111111111111 0.031 0.07555555555555556
0 0.272 0.3688888888888889 0.031 0.07555555555555556
0 0.6245 0.7155555555555555 0.031 0.07555555555555556
0 0.608 0.8355555555555556 0.037 0.09066666666666667
0 0.389 0.45511111111111113 0.031 0.07555555555555556
0 0.347 0.6631111111111111 0.031 0.07555555555555556
0 0.7105 0.6684444444444444 0.031 0.07555555555555556
0 0.418 0.7448888888888889 0.037 0.09066666666666667
0 0.1325 0.304 0.031 0.07555555555555556
0 0.198 0.8417777777777777 0.037 0.09066666666666667
0 0.1475 0.8728888888888889 0.037 0.09066666666666667
0 0.279 0.672 0.031 0.07555555555555556
0 0.98225 0.9093333333333333 0.0355 0.09066666666666667
0 0.409 0.496 0.031 0.07555555555555556
0 0.126 0.21777777777777776 0.031 0.07555555555555556
0 0.386 0.2568888888888889 0.031 0.07555555555555556
0 0.724 0.8684444444444445 0.037 0.09066666666666667
0 0.586 0.3466666666666667 0.031 0.07555555555555556
0 0.8525 0.5031111111111111 0.031 0.07555555555555556
0 0.1725 0.43377777777777776 0.031 0.07555555555555556
0 0.0685 0.9084444444444445 0.037 0.09066666666666667
0 0.0135 0.06666666666666667 0.027 0.07555555555555556
0 0.837 0.8435555555555555 0.037 0.09066666666666667
0 0.401 0.4577777777777778 0.031 0.07555555555555556
0 0.0001295 0.0008857283950617285 0.000018500000000000002 0.0000805925925925927
0 0.6055 0.5617777777777778 0.031 0.07555555555555556
0 0.0001995 0.0008699259259259259 0.000018500000000000016 0.0000805925925925926
0 0.4795 0.5982222222222222 0.031 0.07555555555555556
0 0.3845 0.5217777777777778 0.031 0.07555555555555556
0 0.1375 0.4311111111111111 0.031 0.07555555555555556
0 0.6475 0.6702222222222223 0.031 0.07555555555555556
0 0.474 0.7751111111111111 0.037 0.09066666666666667
0 0.887 0.736 0.037 0.09066666666666667
0 0.2245 0.5306666666666666 0.031 0.07555555555555556