0 0.14473684210526316 0.8269230769230769 0.059941520467836254 0.09935897435897435
0 0.9766081871345029 0.14423076923076922 0.033625730994152045 0.06517094017094018
0 0.0003756497725795971 0.0010409818102125794 0.00004381690092678088 0.0001061527503835196
0 0.00040343609999658015 0.0010364161005186644 0.00004381690092678084 0.0001061527503835196
0 0.3830409356725146 0.08226495726495726 0.04824561403508772 0.09081196581196581
0 0.4473684210526316 0.3333333333333333 0.062134502923976605 0.11645299145299146
0 0.34649122807017546 0.9305555555555556 0.059941520467836254 0.09935897435897435
0 0.0005754975890017441 0.0010444060924830155 0.00003580161417188199 0.00008446562933742415
0 0.9546783625730995 0.8557692307692307 0.0489766081871345 0.07905982905982906
0 0.6703216374269005 0.4091880341880342 0.05043859649122807 0.1014957264957265
0 0.4144736842105263 0.0641025641025641 0.04824561403508772 0.09081196581196581
0 0.38377192982456143 0.9145299145299145 0.059941520467836254 0.09935897435897435
0 0.9422514619883041 0.3087606837606838 0.051900584795321635 0.08653846153846154
0 0.4678362573099415 0.19123931623931623 0.04824561403508772 0.09081196581196581
0 0.2675438596491228 0.8098290598290598 0.059941520467836254 0.09935897435897435
0 0.6345029239766082 0.43696581196581197 0.051900584795321635 0.10042735042735043
0 0.6754385964912281 0.08333333333333333 0.04093567251461988 0.08547008547008547
0 0.2134502923976608 0.30662393162393164 0.062134502923976605 0.11645299145299146
0 0.7178362573099415 0.1517094017094017 0.04093567251461988 0.08547008547008547
0 0.028143274853801168 0.1794871794871795 0.056286549707602336 0.08333333333333333
0 0.3194444444444444 0.24145299145299146 0.06067251461988304 0.09935897435897435
0 0.25146198830409355 0.8942307692307693 0.059941520467836254 0.09935897435897435
0 0.1739766081871345 0.37713675213675213 0.062134502923976605 0.11645299145299146
0 0.39546783625730997 0.2863247863247863 0.06067251461988304 0.09935897435897435
0 0.6140350877192983 0.7254273504273504 0.04239766081871345 0.08440170940170941
0 0.8282163742690059 0.5715811965811965 0.05043859649122807 0.10363247863247864
0 0.0007272536848944973 0.0009142833662064431 0.00003633596662220852 0.00010386989553656231
0 0.8706140350877193 0.5416666666666666 0.05043859649122807 0.10363247863247864
0 0.8062865497076024 0.11217948717948718 0.033625730994152045 0.06517094017094018
0 0.9298245614035088 0.6324786324786325 0.05043859649122807 0.10363247863247864
0 0.9378654970760234 0.06623931623931624 0.033625730994152045 0.06517094017094018
0 0.11257309941520467 0.23717948717948717 0.05701754385964912 0.08333333333333333
0 0.40350877192982454 0.905982905982906 0.059941520467836254 0.09935897435897435
0 0.7236842105263158 0.07799145299145299 0.04093567251461988 0.08547008547008547
0 0.41812865497076024 0.4391025641025641 0.062134502923976605 0.11645299145299146
0 0.02850877192982456 0.8632478632478633 0.05701754385964912 0.09935897435897435
0 0.15862573099415206 0.1346153846153846 0.05701754385964912 0.08333333333333333
0 0.3128654970760234 0.8215811965811965 0.059941520467836254 0.09935897435897435
0 0.01827485380116959 0.38782051282051283 0.03654970760233918 0.09935897435897435
0 0.7119883040935673 0.5811965811965812 0.05043859649122807 0.10363247863247864
0 0.0003500008549639205 0.0010512546570238877 0.00004381690092678092 0.0001061527503835196
0 0.08333333333333333 0.844017094017094 0.059941520467836254 0.09935897435897435
0 0.5497076023391813 0.053418803418803416 0.04824561403508772 0.09081196581196581
0 0.7214912280701754 0.7702991452991453 0.04239766081871345 0.08440170940170941
0 0.3048245614035088 0.027243589743589744 0.0533625730994152 0.05448717948717949
0 0.0004541995827776068 0.0010375575279421433 0.000038473376423514886 0.00009587990357221116
0 0.5146198830409356 0.3611111111111111 0.062134502923976605 0.11645299145299146