0 0.7015625 0.3416666666666667 0.0578125 0.1388888888888889
0 0.9296875 0.36666666666666664 0.0578125 0.1388888888888889
0 0.8515625 0.2388888888888889 0.0578125 0.1388888888888889
0 0.940625 0.06388888888888888 0.0578125 0.12777777777777777
0 0.30625 0.46944444444444444 0.0578125 0.1388888888888889
0 0.309375 0.06111111111111111 0.0578125 0.12222222222222222
0 0.646875 0.30833333333333335 0.0578125 0.1388888888888889
0 0.9546875 0.6166666666666667 0.0578125 0.1388888888888889
0 0.084375 0.6027777777777777 0.0578125 0.1388888888888889
0 0.8828125 0.041666666666666664 0.0578125 0.08333333333333333
0 0.01171875 0.05555555555555555 0.0234375 0.1111111111111111
0 0.265625 0.625 0.0578125 0.1388888888888889
0 0.00154541015625 0.0010648148148148149 0.00009033203124999989 0.00038580246913580266
0 0.1859375 0.28888888888888886 0.0578125 0.1388888888888889
0 0.5125 0.044444444444444446 0.0578125 0.08888888888888889
0 0.6078125 0.4305555555555556 0.0578125 0.1388888888888889
0 0.8234375 0.5055555555555555 0.0578125 0.1388888888888889
0 0.4484375 0.6083333333333333 0.0578125 0.1388888888888889
0 0.1390625 0.041666666666666664 0.0578125 0.08333333333333333
0 0.490625 0.33611111111111114 0.0578125 0.1388888888888889
0 0.2125 0.12222222222222222 0.0578125 0.1388888888888889
0 0.5671875 0.041666666666666664 0.0578125 0.08333333333333333
0 0.13125 0.39166666666666666 0.0578125 0.1388888888888889
0 0.078125 0.20833333333333334 0.0578125 0.1388888888888889
0 0.6296875 0.08055555555555556 0.0578125 0.1388888888888889
0 0.4 0.044444444444444446 0.0578125 0.08888888888888889
0 0.090625 0.059722222222222225 0.0578125 0.11944444444444445
0 0.503125 0.16111111111111112 0.0578125 0.1388888888888889
0 0.34375 0.2861111111111111 0.0578125 0.1388888888888889
0 0.603125 0.55 0.090625 0.175
0 0.753125 0.1111111111111111 0.0578125 0.1388888888888889