0 0.5833333333333334 0.41 0.01 0.00875
0 0.37916666666666665 0.38125 0.006666666666666667 0.02125
0 0.5966666666666667 0.4075 0.01 0.00875
0 0.6366666666666667 0.4075 0.01 0.00875
0 0.7116666666666667 0.415 0.006666666666666667 0.0125
0 0.17583333333333334 0.40875 0.006666666666666667 0.02125
0 0.22833333333333333 0.41125 0.006666666666666667 0.02125
0 0.315 0.38875 0.006666666666666667 0.02125
0 0.25166666666666665 0.38625 0.006666666666666667 0.02125
0 0.96 0.4225 0.0016666666666666668 0.00625
0 0.25333333333333335 0.405 0.006666666666666667 0.02125
0 0.6791666666666667 0.38375 0.010833333333333334 0.01375
0 0.02 0.40375 0.009166666666666667 0.01125
0 0.09833333333333333 0.38875 0.009166666666666667 0.01125
0 0.565 0.41875 0.01 0.00875
0 0.1425 0.385 0.018333333333333333 0.02125
0 0.36583333333333334 0.40875 0.006666666666666667 0.02125
0 0.7458333333333333 0.3975 0.0033333333333333335 0.00875
0 0.7383333333333333 0.40375 0.0033333333333333335 0.00875
0 0.6925 0.42125 0.004166666666666667 0.00375
0 0.0275 0.39375 0.009166666666666667 0.01125
0 0.28 0.395 0.006666666666666667 0.02125
0 0.9883333333333333 0.42375 0.0016666666666666668 0.00625
0 0.29083333333333333 0.38375 0.006666666666666667 0.02125
0 0.09083333333333334 0.41 0.009166666666666667 0.01125
0 0.2925 0.40125 0.006666666666666667 0.02125
0 0.013333333333333334 0.39625 0.009166666666666667 0.01125
0 0.7758333333333334 0.40625 0.0033333333333333335 0.00875
0 0.050833333333333335 0.41 0.009166666666666667 0.01125
0 0.225 0.38125 0.006666666666666667 0.02125
0 0.3491666666666667 0.39125 0.006666666666666667 0.02125
0 0.385 0.39 0.006666666666666667 0.02125
0 0.12083333333333333 0.4 0.009166666666666667 0.01125
0 0.3958333333333333 0.41125 0.006666666666666667 0.02125
0 0.6066666666666667 0.41 0.01 0.00875
0 0.37583333333333335 0.4 0.006666666666666667 0.02125
0 0.8316666666666667 0.3775 0.03 0.0475
0 0.3225 0.40875 0.006666666666666667 0.02125
0 0.3308333333333333 0.39875 0.006666666666666667 0.02125
0 0.041666666666666664 0.3975 0.009166666666666667 0.01125
0 0.8041666666666667 0.40375 0.011666666666666667 0.02
0 0.7633333333333333 0.40375 0.0033333333333333335 0.00875
0 0.5275 0.155 0.14583333333333334 0.23375
0 0.5708333333333333 0.4075 0.01 0.00875
0 0.16583333333333333 0.3875 0.006666666666666667 0.02125
0 0.6225 0.40625 0.01 0.00875
0 0.195 0.38125 0.006666666666666667 0.02125
0 0.2025 0.40625 0.006666666666666667 0.02125