0 0.1162109375 0.6617862371888726 0.0732421875 0.17276720351390923
0 0.3115234375 0.32503660322108346 0.05859375 0.11566617862371889
0 0.03271484375 0.7657393850658858 0.0654296875 0.17276720351390923
0 0.20703125 0.09956076134699854 0.05859375 0.11420204978038068
0 0.080078125 0.14055636896046853 0.05859375 0.11420204978038068
0 0.2685546875 0.09809663250366032 0.05859375 0.11420204978038068
0 0.00830078125 0.21961932650073207 0.0166015625 0.09370424597364568
0 0.142578125 0.1581259150805271 0.05859375 0.11420204978038068
0 0.408203125 0.1595900439238653 0.05859375 0.11420204978038068
0 0.000301361083984375 0.0014598414967984241 0.0000762939453125 0.00021436732698948942
0 0.419921875 0.24743777452415813 0.05859375 0.11566617862371889
0 0.00096893310546875 0.00010718366349474479 0.0000438690185546875 0.00013719508927327332
0 0.5634765625 0.5563689604685212 0.0732421875 0.17276720351390923
0 0.556640625 0.34992679355783307 0.05859375 0.11566617862371889
0 0.0009746551513671875 0.0006002285155705708 0.0000438690185546875 0.00013719508927327332
0 0.91015625 0.8579795021961932 0.0732421875 0.17276720351390923
0 0.462890625 0.04465592972181552 0.05859375 0.08931185944363104
0 0.0634765625 0.3528550512445095 0.05859375 0.11566617862371889
0 0.0001773834228515625 0.0014534104769887393 0.0000762939453125 0.00021436732698948974
0 0.8310546875 0.718887262079063 0.0732421875 0.17276720351390923
0 0.7666015625 0.12152269399707175 0.05859375 0.11420204978038068
0 0.7724609375 0.6046852122986823 0.0732421875 0.17276720351390923
0 0.76953125 0.35431918008784774 0.05859375 0.11566617862371889
0 0.7783203125 0.22108345534407028 0.05859375 0.11566617862371889
0 0.4384765625 0.8140556368960469 0.0732421875 0.17276720351390923
0 0.1396484375 0.37774524158125916 0.05859375 0.11566617862371889
0 0.5048828125 0.5183016105417276 0.0732421875 0.17276720351390923
0 0.875 0.6266471449487555 0.0732421875 0.17276720351390923
0 0.9130859375 0.3367496339677892 0.05859375 0.11566617862371889
0 0.0009717941284179688 0.00046732077283708726 0.0000438690185546875 0.00013719508927327332
0 0.0009756088256835938 0.0008553256346880634 0.000026702880859375 0.00016720651505180178
0 0.595703125 0.036603221083455345 0.05859375 0.07320644216691069
0 0.91796875 0.15373352855051245 0.05859375 0.11420204978038068
0 0.5537109375 0.1478770131771596 0.05859375 0.11420204978038068
0 0.21484375 0.8653001464128843 0.0732421875 0.17276720351390923
0 0.6376953125 0.5490483162518301 0.0732421875 0.17276720351390923
0 0.7041015625 0.6076134699853587 0.0732421875 0.17276720351390923
0 0.0008821487426757812 0.001421255377940316 0.0000762939453125 0.00021436732698948942
0 0.705078125 0.20937042459736457 0.05859375 0.11566617862371889