0 0.2581818181818182 0.7950819672131147 0.005454545454545455 0.00819672131147541
0 0.3236363636363636 0.860655737704918 0.005454545454545455 0.00819672131147541
0 0.2672727272727273 0.7923497267759563 0.005454545454545455 0.00819672131147541
0 0.7509090909090909 0.8169398907103825 0.005454545454545455 0.00819672131147541
0 0.21636363636363637 0.8633879781420765 0.005454545454545455 0.00819672131147541
0 0.6854545454545454 0.7759562841530054 0.005454545454545455 0.00819672131147541
0 0.30363636363636365 0.7404371584699454 0.005454545454545455 0.00819672131147541
0 0.22545454545454546 0.7404371584699454 0.005454545454545455 0.00819672131147541
0 0.4763636363636364 0.860655737704918 0.005454545454545455 0.00819672131147541
0 0.16545454545454547 0.7786885245901639 0.005454545454545455 0.00819672131147541
0 0.02727272727272727 0.907103825136612 0.005454545454545455 0.00819672131147541
0 0.10545454545454545 0.8661202185792349 0.005454545454545455 0.00819672131147541
0 0.2 0.8579234972677595 0.005454545454545455 0.00819672131147541
0 0.1781818181818182 0.8333333333333334 0.005454545454545455 0.00819672131147541
0 0.3654545454545455 0.8306010928961749 0.005454545454545455 0.00819672131147541
0 0.13090909090909092 0.8688524590163934 0.005454545454545455 0.00819672131147541
0 0.25636363636363635 0.855191256830601 0.005454545454545455 0.00819672131147541
0 0.8290909090909091 0.8087431693989071 0.005454545454545455 0.00819672131147541
0 0.3290909090909091 0.7868852459016393 0.005454545454545455 0.00819672131147541
0 0.3472727272727273 0.7868852459016393 0.005454545454545455 0.00819672131147541
0 0.26 0.7540983606557377 0.005454545454545455 0.00819672131147541
0 0.08 0.8688524590163934 0.005454545454545455 0.00819672131147541
0 0.01818181818181818 0.8661202185792349 0.005454545454545455 0.00819672131147541
0 0.9890909090909091 0.8060109289617486 0.005454545454545455 0.00819672131147541
0 0.02909090909090909 0.8524590163934426 0.005454545454545455 0.00819672131147541
0 0.24363636363636362 0.7950819672131147 0.005454545454545455 0.00819672131147541
0 0.1618181818181818 0.8852459016393442 0.005454545454545455 0.00819672131147541
0 0.11272727272727273 0.855191256830601 0.005454545454545455 0.00819672131147541
0 0.24727272727272728 0.7431693989071039 0.005454545454545455 0.00819672131147541
0 0.14 0.7923497267759563 0.005454545454545455 0.00819672131147541
0 0.0890909090909091 0.907103825136612 0.005454545454545455 0.00819672131147541
0 0.21818181818181817 0.8360655737704918 0.005454545454545455 0.00819672131147541
0 0.0036363636363636364 0.8825136612021858 0.0036363636363636364 0.00273224043715847
0 0.35454545454545455 0.8278688524590164 0.005454545454545455 0.00819672131147541
0 0.09454545454545454 0.8907103825136612 0.005454545454545455 0.00819672131147541
0 0.7654545454545455 0.8087431693989071 0.005454545454545455 0.00819672131147541
0 0.7436363636363637 0.7404371584699454 0.005454545454545455 0.00819672131147541
0 0.32545454545454544 0.7513661202185792 0.005454545454545455 0.00819672131147541
0 0.8636363636363636 0.7896174863387978 0.005454545454545455 0.00819672131147541
0 0.17636363636363636 0.8743169398907104 0.005454545454545455 0.00819672131147541
0 0.84 0.8306010928961749 0.005454545454545455 0.00819672131147541
0 0.7072727272727273 0.7431693989071039 0.005454545454545455 0.00819672131147541
0 0.24545454545454545 0.7814207650273224 0.005454545454545455 0.00819672131147541
0 0.6181818181818182 0.7568306010928961 0.005454545454545455 0.00819672131147541
0 0.15818181818181817 0.7814207650273224 0.005454545454545455 0.00819672131147541
0 0.12363636363636364 0.8114754098360656 0.005454545454545455 0.00819672131147541
0 0.20545454545454545 0.7786885245901639 0.005454545454545455 0.00819672131147541
0 0.7363636363636363 0.8169398907103825 0.005454545454545455 0.00819672131147541
0 0.13272727272727272 0.9207650273224044 0.005454545454545455 0.00819672131147541
0 0.3054545454545455 0.8688524590163934 0.005454545454545455 0.00819672131147541
0 0.2818181818181818 0.8387978142076503 0.005454545454545455 0.00819672131147541
0 0.33454545454545453 0.7540983606557377 0.005454545454545455 0.00819672131147541
0 0.3145454545454546 0.8087431693989071 0.005454545454545455 0.00819672131147541
0 0.1 0.907103825136612 0.005454545454545455 0.00819672131147541
0 0.3418181818181818 0.7540983606557377 0.005454545454545455 0.00819672131147541
0 0.7236363636363636 0.819672131147541 0.005454545454545455 0.00819672131147541
0 0.16545454545454547 0.7595628415300546 0.005454545454545455 0.00819672131147541
0 0.38 0.8579234972677595 0.005454545454545455 0.00819672131147541
0 0.7236363636363636 0.7540983606557377 0.005454545454545455 0.00819672131147541
0 0.19454545454545455 0.7868852459016393 0.005454545454545455 0.00819672131147541
0 0.3109090909090909 0.7459016393442623 0.005454545454545455 0.00819672131147541
0 0.4709090909090909 0.8524590163934426 0.005454545454545455 0.00819672131147541
0 0.6581818181818182 0.7704918032786885 0.005454545454545455 0.00819672131147541
0 0.8745454545454545 0.7704918032786885 0.005454545454545455 0.00819672131147541
0 0.2018181818181818 0.8087431693989071 0.005454545454545455 0.00819672131147541
0 0.15272727272727274 0.8306010928961749 0.005454545454545455 0.00819672131147541
0 0.01090909090909091 0.9234972677595629 0.005454545454545455 0.00819672131147541
0 0.13636363636363635 0.8278688524590164 0.005454545454545455 0.00819672131147541
0 0.30363636363636365 0.8114754098360656 0.005454545454545455 0.00819672131147541
0 0.11272727272727273 0.819672131147541 0.005454545454545455 0.00819672131147541
0 0.18363636363636363 0.8224043715846995 0.005454545454545455 0.00819672131147541
0 0.10181818181818182 0.7978142076502732 0.005454545454545455 0.00819672131147541
0 0.35818181818181816 0.7786885245901639 0.005454545454545455 0.00819672131147541
0 0.8472727272727273 0.8224043715846995 0.005454545454545455 0.00819672131147541
0 0.29818181818181816 0.7540983606557377 0.005454545454545455 0.00819672131147541
0 0.10545454545454545 0.7513661202185792 0.005454545454545455 0.00819672131147541
0 0.15272727272727274 0.7540983606557377 0.005454545454545455 0.00819672131147541
0 0.4890909090909091 0.8688524590163934 0.005454545454545455 0.00819672131147541
0 0.2018181818181818 0.860655737704918 0.005454545454545455 0.00819672131147541
0 0.6745454545454546 0.7704918032786885 0.005454545454545455 0.00819672131147541
0 0.20363636363636364 0.7377049180327869 0.0036363636363636364 0.00273224043715847