0 0.7161458333333334 0.5768518518518518 0.0625 0.1361111111111111
0 0.0004912651909722223 0.0008933470507544581 0.00003255208333333333 0.0001260288065843621
0 0.00032497829861111106 0.0009002057613168726 0.00003255208333333333 0.00012602880658436221
0 0.6395833333333333 0.12037037037037036 0.04791666666666667 0.09722222222222222
0 0.22447916666666667 0.03888888888888889 0.033854166666666664 0.06018518518518518
0 0.309375 0.022685185185185187 0.033854166666666664 0.04537037037037037
0 0.3770833333333333 0.08425925925925926 0.033854166666666664 0.06018518518518518
0 0.275 0.48055555555555557 0.0625 0.1361111111111111
0 0.9473958333333333 0.12407407407407407 0.04791666666666667 0.09722222222222222
0 0.071875 0.03425925925925926 0.033854166666666664 0.06018518518518518
0 0.5557291666666667 0.05462962962962963 0.033854166666666664 0.06018518518518518
0 0.4354166666666667 0.008796296296296297 0.0609375 0.017592592592592594
0 0.49114583333333334 0.175 0.04791666666666667 0.09722222222222222
0 0.88125 0.12037037037037036 0.04791666666666667 0.09722222222222222
0 0.5635416666666667 0.16666666666666666 0.04791666666666667 0.09722222222222222
0 0.013541666666666667 0.17962962962962964 0.027083333333333334 0.07592592592592592
0 0.5442708333333334 0.01990740740740741 0.033854166666666664 0.03981481481481482
0 0.7432291666666667 0.06481481481481481 0.033854166666666664 0.06018518518518518
0 0.10989583333333333 0.01990740740740741 0.033854166666666664 0.03981481481481482
0 0.5052083333333334 0.6333333333333333 0.0625 0.1361111111111111
0 0.9072916666666667 0.20092592592592592 0.04791666666666667 0.09722222222222222
0 0.27447916666666666 0.04722222222222222 0.033854166666666664 0.06018518518518518
0 0.05364583333333333 0.2175925925925926 0.0328125 0.07592592592592592
0 0.7546875 0.28055555555555556 0.04739583333333333 0.10277777777777777
0 0.3125 0.6472222222222223 0.0625 0.1361111111111111
0 0.7692708333333333 0.10833333333333334 0.04791666666666667 0.09722222222222222
0 0.9877604166666667 0.1648148148148148 0.024479166666666666 0.06666666666666667
0 0.7604166666666666 0.1814814814814815 0.04791666666666667 0.09722222222222222
0 0.0005137803819444444 0.0006670096021947873 0.00003255208333333328 0.0001260288065843621
0 0.7380208333333333 0.03009259259259259 0.06354166666666666 0.06018518518518518
0 0.3 0.1675925925925926 0.04791666666666667 0.09722222222222222
0 0.06458333333333334 0.46944444444444444 0.05 0.1388888888888889
0 0.9015625 0.025925925925925925 0.033854166666666664 0.05185185185185185
0 0.5729166666666666 0.2972222222222222 0.04739583333333333 0.10277777777777777
0 0.43854166666666666 0.12962962962962962 0.04791666666666667 0.09722222222222222
0 0.48854166666666665 0.46944444444444444 0.0625 0.1361111111111111
0 0.621875 0.020833333333333332 0.033854166666666664 0.041666666666666664
0 0.6703125 0.2833333333333333 0.04739583333333333 0.10277777777777777
0 0.8390625 0.1037037037037037 0.033854166666666664 0.06018518518518518
0 0.5838541666666667 0.04722222222222222 0.033854166666666664 0.06018518518518518
0 0.471875 0.004629629629629629 0.013541666666666667 0.009259259259259259
0 0.4895833333333333 0.2611111111111111 0.04739583333333333 0.10277777777777777
0 0.159375 0.046296296296296294 0.033854166666666664 0.06018518518518518