0 0.1100187265917603 0.605688202247191 0.003979400749063671 0.0038623595505617976
0 0.5182584269662921 0.6629213483146067 0.003979400749063671 0.007373595505617977
0 0.4297752808988764 0.6109550561797753 0.006788389513108614 0.012640449438202247
0 0.20903558052434457 0.6000702247191011 0.003979400749063671 0.0038623595505617976
0 0.658941947565543 0.5800561797752809 0.0018726591760299626 0.0038623595505617976
0 0.05149812734082397 0.5962078651685393 0.007256554307116105 0.01228932584269663
0 0.49461610486891383 0.6039325842696629 0.005149812734082397 0.006320224719101123
0 0.39489700374531833 0.5979634831460674 0.0032771535580524347 0.0049157303370786515
0 0.26989700374531833 0.5691713483146067 0.0053838951310861425 0.011235955056179775
0 0.6549625468164794 0.6014747191011236 0.0018726591760299626 0.0038623595505617976
0 0.6914794007490637 0.5905898876404494 0.010065543071161049 0.016502808988764044
0 0.6673689138576779 0.5842696629213483 0.0018726591760299626 0.0038623595505617976
0 0.13249063670411984 0.6109550561797753 0.0046816479400749065 0.0035112359550561797
0 0.33754681647940077 0.6014747191011236 0.0053838951310861425 0.00877808988764045
0 0.9431179775280899 0.5667134831460674 0.002106741573033708 0.0035112359550561797
0 0.4517790262172285 0.5955056179775281 0.0032771535580524347 0.006320224719101123
0 0.261001872659176 0.5972612359550562 0.007958801498127341 0.016151685393258428
0 0.31952247191011235 0.6106039325842697 0.006086142322097378 0.018609550561797753
0 0.4447565543071161 0.6344803370786517 0.01544943820224719 0.018960674157303372
0 0.20037453183520598 0.6411516853932584 0.006086142322097378 0.007373595505617977
0 0.6352996254681648 0.5881320224719101 0.006086142322097378 0.00877808988764045
0 0.40191947565543074 0.6832865168539326 0.003979400749063671 0.015098314606741573
0 0.6629213483146067 0.5884831460674157 0.0018726591760299626 0.0038623595505617976
0 0.13506554307116106 0.6355337078651685 0.003979400749063671 0.006320224719101123
0 0.8185861423220974 0.5733848314606742 0.007256554307116105 0.024929775280898875
0 0.4473314606741573 0.6137640449438202 0.0032771535580524347 0.006320224719101123
0 0.36118913857677903 0.6018258426966292 0.010065543071161049 0.012640449438202247
0 0.5987827715355806 0.5926966292134831 0.006788389513108614 0.0175561797752809
0 0.1968632958801498 0.6049859550561798 0.0025749063670411983 0.0049157303370786515
0 0.46090823970037453 0.5923455056179775 0.0032771535580524347 0.006320224719101123
0 0.22331460674157302 0.6418539325842697 0.006086142322097378 0.007373595505617977
0 0.6561329588014981 0.5958567415730337 0.0018726591760299626 0.0038623595505617976
0 0.0002328769164948309 0.00021945224719101123 0.000010136995188598517 0.000024164404746875424
0 0.10486891385767791 0.6074438202247191 0.0046816479400749065 0.007724719101123595
0 0.07045880149812735 0.6053370786516854 0.0032771535580524347 0.006320224719101123
0 0.08403558052434457 0.6506320224719101 0.0053838951310861425 0.007373595505617977
0 0.44662921348314605 0.5979634831460674 0.0032771535580524347 0.006320224719101123
0 0.11587078651685394 0.6081460674157303 0.003979400749063671 0.0038623595505617976
0 0.4833801498127341 0.6260533707865169 0.010533707865168539 0.023525280898876403
0 0.46676029962546817 0.5944522471910112 0.0032771535580524347 0.006320224719101123
0 0.021067415730337078 0.605688202247191 0.0025749063670411983 0.0024578651685393258
0 0.3012640449438202 0.6200842696629213 0.0018726591760299626 0.0035112359550561797
0 0.22027153558052434 0.6239466292134831 0.002106741573033708 0.0038623595505617976
0 0.41198501872659177 0.5846207865168539 0.0046816479400749065 0.012640449438202247
0 0.6657303370786517 0.5919943820224719 0.0018726591760299626 0.0038623595505617976
0 0.45669475655430714 0.5948033707865169 0.0035112359550561797 0.006320224719101123
0 0.7916666666666666 0.5761938202247191 0.0011704119850187266 0.0049157303370786515
0 0.44592696629213485 0.6070926966292135 0.0032771535580524347 0.0059691011235955055
0 0.11025280898876405 0.6091994382022472 0.003979400749063671 0.0038623595505617976
0 0.7832397003745318 0.5779494382022472 0.0011704119850187266 0.0049157303370786515
0 0.672752808988764 0.5951544943820225 0.0046816479400749065 0.013693820224719102