0 0.6583333333333333 0.7316666666666667 0.008333333333333333 0.013333333333333334
0 0.9808333333333333 0.9066666666666666 0.008333333333333333 0.013333333333333334
0 0.6258333333333334 0.8916666666666667 0.008333333333333333 0.013333333333333334
0 0.925 0.6616666666666666 0.0016666666666666668 0.0033333333333333335
0 0.6266666666666667 0.8266666666666667 0.008333333333333333 0.013333333333333334
0 0.6716666666666666 0.7266666666666667 0.008333333333333333 0.013333333333333334
0 0.9533333333333334 0.71 0.008333333333333333 0.013333333333333334
0 0.8941666666666667 0.675 0.008333333333333333 0.013333333333333334
0 0.7266666666666667 0.8583333333333333 0.008333333333333333 0.013333333333333334
0 0.6583333333333333 0.8 0.008333333333333333 0.013333333333333334
0 0.7025 0.8416666666666667 0.008333333333333333 0.013333333333333334
0 0.9866666666666667 0.8516666666666667 0.008333333333333333 0.013333333333333334
0 0.9133333333333333 0.9266666666666666 0.008333333333333333 0.013333333333333334
0 0.9383333333333334 0.9483333333333334 0.008333333333333333 0.013333333333333334
0 0.6691666666666667 0.8 0.008333333333333333 0.013333333333333334
0 0.79 0.9216666666666666 0.008333333333333333 0.013333333333333334
0 0.7516666666666667 0.91 0.008333333333333333 0.013333333333333334
0 0.9566666666666667 0.9383333333333334 0.008333333333333333 0.013333333333333334
0 0.9008333333333334 0.7116666666666667 0.008333333333333333 0.013333333333333334
0 0.915 0.95 0.008333333333333333 0.013333333333333334
0 0.9325 0.6866666666666666 0.008333333333333333 0.013333333333333334
0 0.9825 0.885 0.008333333333333333 0.013333333333333334
0 0.9508333333333333 0.765 0.008333333333333333 0.013333333333333334
0 0.9725 0.9283333333333333 0.008333333333333333 0.013333333333333334
0 0.65 0.835 0.008333333333333333 0.013333333333333334
0 0.9283333333333333 0.885 0.008333333333333333 0.013333333333333334
0 0.9883333333333333 0.8116666666666666 0.008333333333333333 0.013333333333333334
0 0.9133333333333333 0.7316666666666667 0.008333333333333333 0.013333333333333334