0 0.0002687316547065577 0.00020397183715376222 0.000019409618015055283 0.00004000692945419375
0 0.8963464140730717 0.6372059871703493 0.07171853856562922 0.11225944404846756
0 0.3548037889039242 0.6151104775481112 0.07171853856562922 0.11225944404846756
0 0.7751014884979702 0.6667854597291518 0.07171853856562922 0.11225944404846756
0 0.8346414073071718 0.5883820384889522 0.07171853856562922 0.11225944404846756
0 0.5677943166441136 0.5694939415538133 0.07171853856562922 0.11225944404846756
0 0.9239512855209743 0.6101211689237348 0.07171853856562922 0.11225944404846756
0 0.14316644113667118 0.6062009978617249 0.07171853856562922 0.11225944404846756
0 0.00026734002171679907 0.00023038911120605525 0.000019409618015055283 0.00004000692945419375
0 0.2838971583220568 0.6468282252316465 0.07171853856562922 0.11225944404846756
0 0.09012178619756428 0.6846044191019245 0.07171853856562922 0.11225944404846756
0 0.4322056833558863 0.67712045616536 0.07171853856562922 0.11225944404846756
0 0.20514208389715832 0.7106200997861725 0.07171853856562922 0.11225944404846756
0 0.7074424898511502 0.5541696364932288 0.07171853856562922 0.11225944404846756