0 0.29375 0.6555555555555556 0.027083333333333334 0.04027777777777778
0 0.0008561197916666667 0.0012962962962962963 0.00013780381944444446 0.0003009259259259261
0 0.6333333333333333 0.625 0.071875 0.10138888888888889
0 0.4083333333333333 0.44166666666666665 0.019791666666666666 0.025
0 0.21354166666666666 0.6527777777777778 0.027083333333333334 0.04027777777777778
0 0.6552083333333333 0.7194444444444444 0.065625 0.08333333333333333
0 0.709375 0.6291666666666667 0.071875 0.10138888888888889
0 0.0010221354166666666 0.0008815586419753086 0.00007486979166666658 0.00014081790123456802
0 0.08229166666666667 0.7666666666666667 0.065625 0.08333333333333333
0 0.603125 0.65 0.071875 0.10138888888888889
0 0.515625 0.7416666666666667 0.065625 0.08333333333333333
0 0.3958333333333333 0.7638888888888888 0.065625 0.08333333333333333
0 0.2520833333333333 0.675 0.027083333333333334 0.04027777777777778
0 0.9208333333333333 0.6569444444444444 0.071875 0.10138888888888889
0 0.8239583333333333 0.6333333333333333 0.071875 0.10138888888888889
0 0.1875 0.65 0.027083333333333334 0.04027777777777778
0 0.565625 0.4222222222222222 0.019791666666666666 0.025
0 0.00011827256944444445 0.0012885802469135804 0.00013780381944444444 0.0003009259259259261
0 0.7708333333333334 0.6833333333333333 0.071875 0.10138888888888889
0 0.878125 0.6069444444444444 0.071875 0.10138888888888889
0 0.4552083333333333 0.8791666666666667 0.13229166666666667 0.21666666666666667
0 0.053125 0.6805555555555556 0.036458333333333336 0.05
0 0.42916666666666664 0.6555555555555556 0.027083333333333334 0.04027777777777778
0 0.24270833333333333 0.7541666666666667 0.065625 0.08333333333333333
0 0.5354166666666667 0.6319444444444444 0.058333333333333334 0.08055555555555556
0 0.375 0.6597222222222222 0.027083333333333334 0.04027777777777778
0 0.1125 0.6652777777777777 0.027083333333333334 0.04027777777777778
0 0.4895833333333333 0.6333333333333333 0.027083333333333334 0.04027777777777778
0 0.16875 0.6638888888888889 0.027083333333333334 0.04027777777777778
0 0.47708333333333336 0.7027777777777777 0.036458333333333336 0.05