0 0.4585714285714286 0.745 0.005714285714285714 0.0025
0 0.5585714285714286 0.79 0.008571428571428572 0.0125
0 0.2542857142857143 0.8425 0.01 0.015
0 0.5128571428571429 0.91 0.011428571428571429 0.02
0 0.9414285714285714 0.94 0.011428571428571429 0.02
0 0.87 0.8125 0.008571428571428572 0.0125
0 0.3314285714285714 0.77 0.008571428571428572 0.0125
0 0.3271428571428571 0.79 0.008571428571428572 0.0125
0 0.36142857142857143 0.8975 0.011428571428571429 0.02
0 0.10285714285714286 0.7475 0.007142857142857143 0.01
0 0.10714285714285714 0.945 0.011428571428571429 0.02
0 0.5242857142857142 0.7575 0.008571428571428572 0.0125
0 0.17857142857142858 0.7925 0.008571428571428572 0.0125
0 0.03857142857142857 0.8325 0.01 0.015
0 0.6942857142857143 0.7525 0.007142857142857143 0.01
0 0.6542857142857142 0.9125 0.011428571428571429 0.02
0 0.13857142857142857 0.775 0.008571428571428572 0.0125
0 0.20714285714285716 0.885 0.011428571428571429 0.02
0 0.12285714285714286 0.8775 0.011428571428571429 0.02
0 0.7857142857142857 0.7875 0.008571428571428572 0.0125
0 0.3914285714285714 0.7575 0.008571428571428572 0.0125
0 0.63 0.785 0.008571428571428572 0.0125
0 0.08 0.905 0.011428571428571429 0.02
0 0.5457142857142857 0.7625 0.008571428571428572 0.0125
0 0.6571428571428571 0.77 0.008571428571428572 0.0125
0 0.75 0.76 0.008571428571428572 0.0125
0 0.5871428571428572 0.875 0.011428571428571429 0.02
0 0.6342857142857142 0.76 0.008571428571428572 0.0125
0 0.27 0.9375 0.011428571428571429 0.02
0 0.5385714285714286 0.9175 0.011428571428571429 0.02
0 0.8185714285714286 0.7825 0.008571428571428572 0.0125
0 0.45571428571428574 0.865 0.011428571428571429 0.02
0 0.8714285714285714 0.75 0.007142857142857143 0.01
0 0.9071428571428571 0.8125 0.008571428571428572 0.0125
0 0.12285714285714286 0.84 0.01 0.015
0 0.9042857142857142 0.9575 0.011428571428571429 0.02
0 0.27285714285714285 0.78 0.008571428571428572 0.0125
0 0.5414285714285715 0.8125 0.008571428571428572 0.0125
0 0.7314285714285714 0.745 0.005714285714285714 0.0025
0 0.9457142857142857 0.7975 0.008571428571428572 0.0125
0 0.07857142857142857 0.795 0.008571428571428572 0.0125
0 0.11857142857142858 0.78 0.008571428571428572 0.0125
0 0.7071428571428572 0.8925 0.011428571428571429 0.02
0 0.6014285714285714 0.84 0.01 0.015
0 0.4714285714285714 0.815 0.008571428571428572 0.0125
0 0.6585714285714286 0.8525 0.014285714285714285 0.0275
0 0.07 0.7525 0.007142857142857143 0.01
0 0.2557142857142857 0.875 0.011428571428571429 0.02
0 0.38 0.7475 0.007142857142857143 0.01
0 0.4657142857142857 0.945 0.011428571428571429 0.02
0 0.03428571428571429 0.8025 0.008571428571428572 0.0125
0 0.06 0.8925 0.011428571428571429 0.02
0 0.6457142857142857 0.7475 0.007142857142857143 0.01
0 0.8514285714285714 0.7675 0.008571428571428572 0.0125
0 0.16857142857142857 0.8425 0.01 0.015
0 0.43142857142857144 0.86 0.011428571428571429 0.02
0 0.6428571428571429 0.84 0.01 0.015
0 0.15857142857142856 0.77 0.008571428571428572 0.0125
0 0.24428571428571427 0.7675 0.008571428571428572 0.0125
0 0.24 0.9075 0.011428571428571429 0.02
0 0.3985714285714286 0.9 0.011428571428571429 0.02
0 0.29428571428571426 0.7475 0.007142857142857143 0.01
0 0.6842857142857143 0.9025 0.011428571428571429 0.02
0 0.5728571428571428 0.8175 0.01 0.015
0 0.6114285714285714 0.92 0.011428571428571429 0.02
0 0.8014285714285714 0.9 0.011428571428571429 0.02
0 0.06 0.775 0.008571428571428572 0.0125
0 0.4942857142857143 0.75 0.007142857142857143 0.01
0 0.48 0.76 0.008571428571428572 0.0125
0 0.9628571428571429 0.81 0.008571428571428572 0.0125
0 0.6628571428571428 0.7525 0.007142857142857143 0.01
0 0.34714285714285714 0.765 0.008571428571428572 0.0125
0 0.025714285714285714 0.8 0.007142857142857143 0.01