0 0.026041666666666668 0.08369565217391305 0.052083333333333336 0.1673913043478261
0 0.00103515625 0.0003591682419659735 0.0001095920138888889 0.0005293005671077505
0 0.4666666666666667 0.19130434782608696 0.075 0.18695652173913044
0 0.834375 0.26304347826086955 0.09166666666666666 0.18695652173913044
0 0.0010188802083333334 0.0019706994328922496 0.0001226128472222223 0.0005576559546313801
0 0.42291666666666666 0.6804347826086956 0.096875 0.20434782608695654
0 0.14791666666666667 0.07065217391304347 0.075 0.14130434782608695
0 0.90625 0.5369565217391304 0.12083333333333333 0.35
0 0.18333333333333332 0.5934782608695652 0.08541666666666667 0.2
0 0.5552083333333333 0.3065217391304348 0.075 0.18695652173913044
0 0.20104166666666667 0.40217391304347827 0.08541666666666667 0.2
0 0.6916666666666667 0.11739130434782609 0.09166666666666666 0.18695652173913044
0 0.40208333333333335 0.4260869565217391 0.075 0.18695652173913044
0 0.9041666666666667 0.07717391304347826 0.09166666666666666 0.15434782608695652
0 0.3229166666666667 0.2891304347826087 0.075 0.18695652173913044