0 0.5457317073170732 0.5891891891891892 0.021341463414634148 0.04864864864864865
0 0.07317073170731707 0.5513513513513514 0.012195121951219513 0.021621621621621623
0 0.3307926829268293 0.3027027027027027 0.007621951219512195 0.013513513513513514
0 0.7637195121951219 0.34054054054054056 0.006097560975609756 0.010810810810810811
0 0.1875 0.5621621621621622 0.012195121951219513 0.021621621621621623
0 0.20884146341463414 0.5540540540540541 0.012195121951219513 0.021621621621621623
0 0.18597560975609756 0.6243243243243243 0.012195121951219513 0.021621621621621623
0 0.04573170731707317 0.5567567567567567 0.012195121951219513 0.021621621621621623
0 0.9176829268292683 0.27837837837837837 0.007621951219512195 0.010810810810810811
0 0.2850609756097561 0.27837837837837837 0.007621951219512195 0.013513513513513514
0 0.8414634146341463 0.2594594594594595 0.009146341463414634 0.010810810810810811
0 0.7301829268292683 0.5351351351351351 0.024390243902439025 0.06486486486486487
0 0.6021341463414634 0.5675675675675675 0.018292682926829267 0.04054054054054054
0 0.5807926829268293 0.5675675675675675 0.018292682926829267 0.04054054054054054
0 0.7682926829268293 0.5702702702702702 0.024390243902439025 0.06486486486486487
0 0.7560975609756098 0.3783783783783784 0.006097560975609756 0.010810810810810811
0 0.8323170731707317 0.5297297297297298 0.024390243902439025 0.06486486486486487
0 0.43140243902439024 0.5567567567567567 0.021341463414634148 0.04864864864864865
0 0.23170731707317074 0.5621621621621622 0.012195121951219513 0.021621621621621623
0 0.8338414634146342 0.2891891891891892 0.009146341463414634 0.010810810810810811
0 0.08536585365853659 0.5864864864864865 0.012195121951219513 0.021621621621621623
0 0.3231707317073171 0.5837837837837838 0.021341463414634148 0.04864864864864865
0 0.5670731707317073 0.572972972972973 0.021341463414634148 0.04864864864864865
0 0.5121951219512195 0.5837837837837838 0.021341463414634148 0.04864864864864865
0 0.926829268292683 0.5864864864864865 0.024390243902439025 0.06486486486486487
0 0.7835365853658537 0.27837837837837837 0.006097560975609756 0.010810810810810811
0 0.7713414634146342 0.3081081081081081 0.006097560975609756 0.010810810810810811
0 0.0038109756097560975 0.5486486486486486 0.007621951219512195 0.016216216216216217
0 0.13719512195121952 0.5459459459459459 0.012195121951219513 0.021621621621621623
0 0.8414634146341463 0.34594594594594597 0.009146341463414634 0.010810810810810811
0 0.8246951219512195 0.46756756756756757 0.007621951219512195 0.010810810810810811
0 0.3521341463414634 0.3108108108108108 0.007621951219512195 0.013513513513513514
0 0.039634146341463415 0.6405405405405405 0.012195121951219513 0.021621621621621623
0 0.3719512195121951 0.5918918918918918 0.021341463414634148 0.04864864864864865
0 0.8338414634146342 0.3216216216216216 0.009146341463414634 0.010810810810810811
0 0.41310975609756095 0.5756756756756757 0.021341463414634148 0.04864864864864865
0 0.2682926829268293 0.27837837837837837 0.007621951219512195 0.013513513513513514
0 0.836890243902439 0.5594594594594594 0.024390243902439025 0.06486486486486487
0 0.46189024390243905 0.5837837837837838 0.021341463414634148 0.04864864864864865
0 0.8292682926829268 0.372972972972973 0.009146341463414634 0.010810810810810811
0 0.850609756097561 0.3162162162162162 0.009146341463414634 0.010810810810810811
0 0.2804878048780488 0.5486486486486486 0.021341463414634148 0.04864864864864865
0 0.8490853658536586 0.26216216216216215 0.009146341463414634 0.010810810810810811
0 0.8521341463414634 0.2864864864864865 0.009146341463414634 0.010810810810810811