0 0.12307692307692308 0.226775956284153 0.038461538461538464 0.06830601092896176
0 0.1523076923076923 0.41530054644808745 0.04461538461538461 0.10109289617486339
0 0.3130769230769231 0.9508196721311475 0.05076923076923077 0.09836065573770492
0 0.6092307692307692 0.3743169398907104 0.04461538461538461 0.10109289617486339
0 0.02 0.3907103825136612 0.04 0.09289617486338798
0 0.3723076923076923 0.7021857923497268 0.047692307692307694 0.10109289617486339
0 0.9461538461538461 0.8579234972677595 0.05076923076923077 0.10109289617486339
0 0.4246153846153846 0.9398907103825137 0.05076923076923077 0.10109289617486339
0 0.26461538461538464 0.4426229508196721 0.04461538461538461 0.10109289617486339
0 0.5 0.5819672131147541 0.04461538461538461 0.10109289617486339
0 0.18 0.9316939890710383 0.05076923076923077 0.10109289617486339
0 0.556923076923077 0.4672131147540984 0.04461538461538461 0.10109289617486339
0 0.6261538461538462 0.5027322404371585 0.04461538461538461 0.10109289617486339
0 0.6646153846153846 0.4426229508196721 0.04461538461538461 0.10109289617486339
0 0.20615384615384616 0.3360655737704918 0.038461538461538464 0.06830601092896176
0 0.6569230769230769 0.9289617486338798 0.05076923076923077 0.10109289617486339
0 0.6353846153846154 0.680327868852459 0.047692307692307694 0.10109289617486339
0 0.19230769230769232 0.8060109289617486 0.05076923076923077 0.10109289617486339
0 0.8569230769230769 0.7704918032786885 0.05076923076923077 0.10109289617486339
0 0.5076923076923077 0.42896174863387976 0.04461538461538461 0.10109289617486339
0 0.8553846153846154 0.5437158469945356 0.04461538461538461 0.10109289617486339
0 0.34923076923076923 0.22131147540983606 0.038461538461538464 0.06830601092896176
0 0.10692307692307693 0.9508196721311475 0.05076923076923077 0.09836065573770492
0 0.0011289940828402365 0.0026799844725133625 0.00007810650887573951 0.0002762100988384246
0 0.05692307692307692 0.7622950819672131 0.05076923076923077 0.10109289617486339
0 0.39692307692307693 0.5409836065573771 0.04461538461538461 0.10109289617486339
0 0.40615384615384614 0.8715846994535519 0.05076923076923077 0.10109289617486339
0 0.2907692307692308 0.8661202185792349 0.05076923076923077 0.10109289617486339
0 0.5692307692307692 0.8715846994535519 0.05076923076923077 0.10109289617486339
0 0.6184615384615385 0.5683060109289617 0.04461538461538461 0.10109289617486339
0 0.19538461538461538 0.2978142076502732 0.038461538461538464 0.06830601092896176
0 0.02923076923076923 0.7896174863387978 0.05076923076923077 0.10109289617486339
0 0.15076923076923077 0.6338797814207651 0.04461538461538461 0.10109289617486339
0 0.3646153846153846 0.5 0.04461538461538461 0.10109289617486339
0 0.8107692307692308 0.45081967213114754 0.04461538461538461 0.10109289617486339
0 0.07384615384615385 0.5655737704918032 0.04461538461538461 0.10109289617486339
0 0.022307692307692306 0.5273224043715847 0.04461538461538461 0.10109289617486339
0 0.38153846153846155 0.2814207650273224 0.038461538461538464 0.06830601092896176
0 0.15538461538461537 0.7486338797814208 0.05076923076923077 0.10109289617486339
0 0.9776923076923076 0.5368852459016393 0.04461538461538461 0.10109289617486339
0 0.1753846153846154 0.47540983606557374 0.04461538461538461 0.10109289617486339
0 0.5923076923076923 0.7513661202185792 0.05076923076923077 0.10109289617486339
0 0.8830769230769231 0.5983606557377049 0.04461538461538461 0.10109289617486339
0 0.8907692307692308 0.5027322404371585 0.04461538461538461 0.10109289617486339
0 0.07076923076923076 0.3770491803278688 0.04461538461538461 0.10109289617486339
0 0.18615384615384614 0.7158469945355191 0.05076923076923077 0.10109289617486339
0 0.5676923076923077 0.12295081967213115 0.038461538461538464 0.06830601092896176
0 0.33076923076923076 0.8005464480874317 0.05076923076923077 0.10109289617486339
0 0.8892307692307693 0.8278688524590164 0.05076923076923077 0.10109289617486339
0 0.7415384615384616 0.8032786885245902 0.05076923076923077 0.10109289617486339
0 0.8307692307692308 0.3551912568306011 0.038461538461538464 0.06830601092896176
0 0.013846153846153847 0.43989071038251365 0.027692307692307693 0.09289617486338798
0 0.2169230769230769 0.38524590163934425 0.04461538461538461 0.10109289617486339
0 0.8446153846153847 0.39617486338797814 0.04461538461538461 0.10109289617486339
0 0.0015289940828402367 0.0011720266356116933 0.00006863905325443804 0.0002762100988384246
0 0.02 0.6639344262295082 0.04 0.10109289617486339
0 0.1 0.28415300546448086 0.038461538461538464 0.06830601092896176
0 0.45384615384615384 0.9371584699453552 0.05076923076923077 0.10109289617486339
0 0.8015384615384615 0.5573770491803278 0.04461538461538461 0.10109289617486339
0 0.09846153846153846 0.4371584699453552 0.04461538461538461 0.10109289617486339
0 0.8769230769230769 0.9480874316939891 0.05076923076923077 0.10109289617486339
0 0.7107692307692308 0.48360655737704916 0.04461538461538461 0.10109289617486339
0 0.0001017751479289941 0.0026874496103198066 0.00007810650887573963 0.00027621009883842425
0 0.18153846153846154 0.8633879781420765 0.05076923076923077 0.10109289617486339
0 0.4707692307692308 0.4016393442622951 0.04461538461538461 0.10109289617486339
0 0.43846153846153846 0.5027322404371585 0.04461538461538461 0.10109289617486339
0 0.22923076923076924 0.2459016393442623 0.038461538461538464 0.06830601092896176
0 0.5476923076923077 0.9453551912568307 0.05076923076923077 0.10109289617486339
0 0.3046153846153846 0.3114754098360656 0.038461538461538464 0.06830601092896176
0 0.9707692307692307 0.587431693989071 0.04461538461538461 0.10109289617486339
0 0.16 0.2896174863387978 0.038461538461538464 0.06830601092896176
0 0.52 0.7540983606557377 0.05076923076923077 0.10109289617486339
0 0.9338461538461539 0.4371584699453552 0.04461538461538461 0.10109289617486339
0 0.20153846153846153 0.4371584699453552 0.04461538461538461 0.10109289617486339
0 0.31846153846153846 0.39344262295081966 0.04461538461538461 0.10109289617486339