0 0.9442857142857143 0.19572506286672256 0.08 0.134953897736798
0 0.14885714285714285 0.10477787091366303 0.04485714285714286 0.07460184409052809
0 0.7425714285714285 0.20284995808885165 0.09771428571428571 0.18105616093880972
0 0.9412857142857143 0.3101424979044426 0.11742857142857142 0.22632020117351215
0 0.32542857142857146 0.7468566638725901 0.188 0.38390611902766136
0 0.16714285714285715 0.2518860016764459 0.04485714285714286 0.07460184409052809
0 0.232 0.030595138306789605 0.04485714285714286 0.06119027661357921
0 0.36742857142857144 0.17309304274937135 0.09657142857142857 0.1865046102263202
0 0.008714285714285714 0.287929589270746 0.01742857142857143 0.19865884325230512
0 0.00027338775510204083 0.0001493062703715232 0.00003428571428571432 0.00009485339529485002
0 0.014428571428571428 0.13118189438390612 0.028857142857142856 0.07460184409052809
0 0.00027338775510204083 0.00014913061593579198 0.00003428571428571432 0.00009485339529485002
0 0.6148571428571429 0.24350377200335288 0.08171428571428571 0.1697401508801341
0 0.4637142857142857 0.18105616093880972 0.09657142857142857 0.1865046102263202
0 0.9488571428571428 0.036881810561609385 0.036571428571428574 0.067476948868399
0 0.728 0.7129086336965633 0.2765714285714286 0.4245599329421626
0 0.1697142857142857 0.44006705783738476 0.11657142857142858 0.25440067057837384