0 0.35546875 0.7632093933463796 0.10677083333333333 0.1780821917808219
0 0.0234375 0.14481409001956946 0.046875 0.18199608610567514
0 0.0012902153862847222 0.0002680749537570705 0.00012376573350694436 0.00033700851329460286
0 0.024088541666666668 0.4187866927592955 0.048177083333333336 0.18199608610567514
0 0.8880208333333334 0.5636007827788649 0.09114583333333333 0.17416829745596868
0 0.23177083333333334 0.08904109589041095 0.08072916666666667 0.1780821917808219
0 0.8919270833333334 0.8864970645792564 0.10677083333333333 0.1780821917808219
0 0.5833333333333334 0.2563600782778865 0.08072916666666667 0.1780821917808219
0 0.0002492268880208333 0.0018995025294786707 0.0001390245225694444 0.0003484974398841915
0 0.7174479166666666 0.350293542074364 0.09635416666666667 0.16829745596868884
0 0.22395833333333334 0.4383561643835616 0.08723958333333333 0.19373776908023482
0 0.45703125 0.14677103718199608 0.08072916666666667 0.1780821917808219
0 0.0008409288194444445 0.0019531175202300846 0.00013224283854166666 0.00033700851329460265
0 0.08072916666666667 0.14677103718199608 0.08072916666666667 0.1780821917808219
0 0.057291666666666664 0.8864970645792564 0.09505208333333333 0.18199608610567514
0 0.828125 0.11545988258317025 0.08072916666666667 0.1780821917808219
0 0.8033854166666666 0.3972602739726027 0.09635416666666667 0.16829745596868884
0 0.19661458333333334 0.8317025440313112 0.10677083333333333 0.1780821917808219
0 0.4817708333333333 0.34833659491193736 0.11328125 0.19765166340508805