0 0.02076923076923077 0.5052966101694916 0.004615384615384616 0.00847457627118644
0 0.18461538461538463 0.5127118644067796 0.004615384615384616 0.00211864406779661
0 0.28923076923076924 0.5095338983050848 0.004615384615384616 0.007415254237288136
0 0.5938461538461538 0.5010593220338984 0.006153846153846154 0.005296610169491525
0 0.8669230769230769 0.486228813559322 0.005384615384615384 0.007415254237288136
0 0.17692307692307693 0.5148305084745762 0.004615384615384616 0.00211864406779661
0 0.45384615384615384 0.5 0.003076923076923077 0.006355932203389831
0 0.7423076923076923 0.4872881355932203 0.006923076923076923 0.0031779661016949155
0 0.19615384615384615 0.5158898305084746 0.004615384615384616 0.00211864406779661
0 0.1076923076923077 0.5169491525423728 0.004615384615384616 0.00211864406779661
0 0.3292307692307692 0.5148305084745762 0.004615384615384616 0.007415254237288136
0 0.2076923076923077 0.513771186440678 0.004615384615384616 0.00211864406779661
0 0.8838461538461538 0.4809322033898305 0.009230769230769232 0.006355932203389831
0 0.6307692307692307 0.4915254237288136 0.006153846153846154 0.005296610169491525