0 0.240234375 0.7180989583333334 0.01611328125 0.033854166666666664
0 0.70263671875 0.7291666666666666 0.01611328125 0.033854166666666664
0 0.14892578125 0.7571614583333334 0.03662109375 0.059244791666666664
0 0.34912109375 0.7845052083333334 0.03662109375 0.059244791666666664
0 0.6884765625 0.7076822916666666 0.01611328125 0.033854166666666664
0 0.537109375 0.7233072916666666 0.01611328125 0.033854166666666664
0 0.26611328125 0.7252604166666666 0.01611328125 0.033854166666666664
0 0.64794921875 0.7154947916666666 0.01611328125 0.033854166666666664
0 0.375 0.7233072916666666 0.01611328125 0.033854166666666664
0 0.88818359375 0.7174479166666666 0.01611328125 0.033854166666666664
0 0.96630859375 0.7604166666666666 0.03662109375 0.059244791666666664
0 0.8583984375 0.8131510416666666 0.03662109375 0.059244791666666664
0 0.9658203125 0.7272135416666666 0.01611328125 0.033854166666666664
0 0.41015625 0.7141927083333334 0.01611328125 0.033854166666666664
0 0.07861328125 0.7083333333333334 0.01611328125 0.033854166666666664
0 0.640625 0.7897135416666666 0.03662109375 0.059244791666666664
0 0.224609375 0.7376302083333334 0.01611328125 0.033854166666666664
0 0.951171875 0.7630208333333334 0.03662109375 0.059244791666666664
0 0.53466796875 0.7154947916666666 0.01611328125 0.033854166666666664
0 0.599609375 0.7278645833333334 0.01611328125 0.033854166666666664
0 0.74658203125 0.7239583333333334 0.01611328125 0.033854166666666664
0 0.6875 0.8216145833333334 0.06787109375 0.10611979166666667
0 0.12890625 0.748046875 0.01611328125 0.033854166666666664
0 0.611328125 0.7578125 0.03662109375 0.059244791666666664
0 0.37744140625 0.765625 0.03662109375 0.059244791666666664
0 0.732421875 0.7102864583333334 0.01611328125 0.033854166666666664
0 0.80126953125 0.71875 0.01611328125 0.033854166666666664
0 0.19287109375 0.736328125 0.01611328125 0.033854166666666664
0 0.55908203125 0.7376302083333334 0.01611328125 0.033854166666666664
0 0.03076171875 0.74609375 0.01611328125 0.033854166666666664
0 0.0859375 0.7174479166666666 0.01611328125 0.033854166666666664
0 0.82470703125 0.728515625 0.01611328125 0.033854166666666664
0 0.2568359375 0.7434895833333334 0.01611328125 0.033854166666666664
0 0.06884765625 0.7532552083333334 0.01611328125 0.033854166666666664
0 0.4697265625 0.7311197916666666 0.01611328125 0.033854166666666664
0 0.6845703125 0.744140625 0.01611328125 0.033854166666666664
0 0.43701171875 0.7317708333333334 0.01611328125 0.033854166666666664
0 0.88720703125 0.7024739583333334 0.01611328125 0.009765625
0 0.314453125 0.744140625 0.01611328125 0.033854166666666664
0 0.0732421875 0.7272135416666666 0.01611328125 0.033854166666666664
0 0.4404296875 0.7571614583333334 0.03662109375 0.059244791666666664
0 0.3095703125 0.7610677083333334 0.03662109375 0.059244791666666664
0 0.02197265625 0.81640625 0.03662109375 0.059244791666666664
0 0.10693359375 0.76953125 0.03662109375 0.059244791666666664
0 0.72900390625 0.7174479166666666 0.01611328125 0.033854166666666664
0 0.28564453125 0.74609375 0.01611328125 0.033854166666666664
0 0.8271484375 0.77734375 0.03662109375 0.059244791666666664
0 0.32958984375 0.7291666666666666 0.01611328125 0.033854166666666664
0 0.35400390625 0.7161458333333334 0.01611328125 0.033854166666666664
0 0.00026297569274902344 0.000626034206814236 0.00005221366882324219 0.00008519490559895826
0 0.29541015625 0.7356770833333334 0.01611328125 0.033854166666666664
0 0.59765625 0.71484375 0.01611328125 0.033854166666666664
0 0.4453125 0.7272135416666666 0.01611328125 0.033854166666666664
0 0.6181640625 0.708984375 0.01611328125 0.033854166666666664
0 0.77197265625 0.7415364583333334 0.01611328125 0.033854166666666664
0 0.650390625 0.724609375 0.01611328125 0.033854166666666664
0 0.21533203125 0.775390625 0.03662109375 0.059244791666666664
0 0.796875 0.7578125 0.03662109375 0.059244791666666664
0 0.7109375 0.7649739583333334 0.03662109375 0.059244791666666664
0 0.35986328125 0.7200520833333334 0.01611328125 0.033854166666666664
0 0.9931640625 0.822265625 0.013671875 0.09635416666666667
0 0.30615234375 0.7200520833333334 0.01611328125 0.033854166666666664
0 0.04638671875 0.7135416666666666 0.01611328125 0.033854166666666664
0 0.75048828125 0.7493489583333334 0.01611328125 0.033854166666666664
0 0.7822265625 0.71484375 0.01611328125 0.033854166666666664
0 0.5341796875 0.74609375 0.01611328125 0.033854166666666664
0 0.4208984375 0.7376302083333334 0.01611328125 0.033854166666666664
0 0.28759765625 0.7161458333333334 0.01611328125 0.033854166666666664
0 0.794921875 0.83984375 0.03662109375 0.059244791666666664
0 0.18212890625 0.8203125 0.03662109375 0.059244791666666664
0 0.00021386146545410156 0.000626034206814236 0.00005221366882324219 0.00008519490559895826
0 0.1708984375 0.734375 0.01611328125 0.033854166666666664
0 0.0087890625 0.71875 0.01611328125 0.033854166666666664
0 0.05419921875 0.7298177083333334 0.01611328125 0.033854166666666664
0 0.27587890625 0.7864583333333334 0.03662109375 0.059244791666666664
0 0.61376953125 0.7265625 0.01611328125 0.033854166666666664
0 0.1181640625 0.80859375 0.03662109375 0.059244791666666664
0 0.05908203125 0.7122395833333334 0.01611328125 0.033854166666666664
0 0.3779296875 0.7376302083333334 0.01611328125 0.033854166666666664
0 0.54345703125 0.716796875 0.01611328125 0.033854166666666664
0 0.993408203125 0.74609375 0.01318359375 0.033854166666666664
0 0.294921875 0.7154947916666666 0.01611328125 0.033854166666666664
0 0.67431640625 0.71875 0.01611328125 0.033854166666666664
0 0.46533203125 0.7682291666666666 0.03662109375 0.059244791666666664
0 0.25244140625 0.9134114583333334 0.06787109375 0.10611979166666667
0 0.77197265625 0.6998697916666666 0.00146484375 0.004557291666666667
0 0.68310546875 0.7154947916666666 0.01611328125 0.033854166666666664
0 0.5498046875 0.71484375 0.01611328125 0.033854166666666664
0 0.7216796875 0.7180989583333334 0.01611328125 0.033854166666666664
0 0.03369140625 0.7779947916666666 0.03662109375 0.059244791666666664
0 0.42724609375 0.7076822916666666 0.01611328125 0.033854166666666664
0 0.345703125 0.7239583333333334 0.01611328125 0.033854166666666664
0 0.41259765625 0.8079427083333334 0.06787109375 0.10611979166666667