0 0.7137637028014616 0.40476190476190477 0.10414129110840438 0.1893939393939394
0 0.6053593179049939 0.6168831168831169 0.09013398294762484 0.15800865800865802
0 0.08343483556638245 0.579004329004329 0.08952496954933009 0.16883116883116883
0 0.2935444579780755 0.7716450216450217 0.10048721071863581 0.23160173160173161
0 0.0003160045160457598 0.0009908922246584584 0.000057859981811195444 0.00023542474841176133
0 0.784409257003654 0.7142857142857143 0.09013398294762484 0.15800865800865802
0 0.0005500407245256594 0.0010061187009238956 0.00005785998181119541 0.00023542474841176144
0 0.17174177831912302 0.6536796536796536 0.10048721071863581 0.23160173160173161
0 0.2850182704019488 0.4621212121212121 0.09561510353227771 0.17207792207792208
0 0.22838002436053592 0.46320346320346323 0.09561510353227771 0.17207792207792208
0 0.8142509135200975 0.8073593073593074 0.09500609013398295 0.21753246753246752
0 0.574299634591961 0.6948051948051948 0.09013398294762484 0.15800865800865802