0 0.46458333333333335 0.4444444444444444 0.008333333333333333 0.016666666666666666
0 0.5958333333333333 0.5666666666666667 0.029166666666666667 0.05277777777777778
0 0.34375 0.5694444444444444 0.029166666666666667 0.05277777777777778
0 0.42291666666666666 0.4305555555555556 0.008333333333333333 0.016666666666666666
0 0.43125 0.5666666666666667 0.029166666666666667 0.05277777777777778
0 0.2125 0.5388888888888889 0.029166666666666667 0.05277777777777778
0 0.8125 0.43333333333333335 0.008333333333333333 0.016666666666666666
0 0.275 0.5 0.008333333333333333 0.016666666666666666
0 0.6416666666666667 0.5666666666666667 0.029166666666666667 0.05277777777777778
0 0.3145833333333333 0.41944444444444445 0.008333333333333333 0.016666666666666666
0 0.2791666666666667 0.6 0.029166666666666667 0.05277777777777778
0 0.5458333333333333 0.4527777777777778 0.008333333333333333 0.016666666666666666
0 0.55 0.6 0.029166666666666667 0.05277777777777778
0 0.8395833333333333 0.5166666666666667 0.029166666666666667 0.05277777777777778
0 0.8708333333333333 0.3861111111111111 0.008333333333333333 0.016666666666666666
0 0.26875 0.4111111111111111 0.008333333333333333 0.016666666666666666
0 0.8666666666666667 0.5277777777777778 0.029166666666666667 0.05277777777777778
0 0.4895833333333333 0.5222222222222223 0.029166666666666667 0.05277777777777778
0 0.8375 0.41944444444444445 0.008333333333333333 0.016666666666666666
0 0.7729166666666667 0.6166666666666667 0.029166666666666667 0.05277777777777778
0 0.8916666666666667 0.55 0.029166666666666667 0.05277777777777778
0 0.15416666666666667 0.425 0.008333333333333333 0.016666666666666666
0 0.20833333333333334 0.41944444444444445 0.008333333333333333 0.016666666666666666
0 0.14375 0.5527777777777778 0.029166666666666667 0.05277777777777778
0 0.7041666666666667 0.4 0.008333333333333333 0.016666666666666666
0 0.39375 0.5472222222222223 0.029166666666666667 0.05277777777777778
0 0.875 0.425 0.008333333333333333 0.016666666666666666
0 0.7583333333333333 0.5055555555555555 0.029166666666666667 0.05277777777777778
0 0.18125 0.4583333333333333 0.008333333333333333 0.016666666666666666