0 0.8015625 0.7682672233820459 0.0578125 0.10438413361169102
0 0.9 0.6388308977035491 0.015625 0.020876826722338204
0 0.5671875 0.6617954070981211 0.015625 0.020876826722338204
0 0.734375 0.6638830897703549 0.015625 0.020876826722338204
0 0.0140625 0.6555323590814196 0.015625 0.020876826722338204
0 0.05 0.8434237995824635 0.0578125 0.10438413361169102
0 0.4140625 0.6304801670146137 0.009375 0.014613778705636743
0 0.9796875 0.651356993736952 0.015625 0.020876826722338204
0 0.76875 0.6346555323590815 0.009375 0.014613778705636743
0 0.609375 0.6805845511482255 0.015625 0.020876826722338204
0 0.7296875 0.6325678496868476 0.009375 0.014613778705636743
0 0.7796875 0.6638830897703549 0.015625 0.020876826722338204
0 0.00093017578125 0.0020135895502547494 0.00009033203125000007 0.00021792094699726714
0 0.3375 0.7306889352818372 0.0578125 0.10438413361169102
0 0.9078125 0.6534446764091858 0.015625 0.020876826722338204
0 0.6703125 0.6304801670146137 0.009375 0.014613778705636743
0 0.36875 0.6450939457202505 0.015625 0.020876826722338204
0 0.5265625 0.7035490605427975 0.0140625 0.018789144050104383
0 0.7515625 0.651356993736952 0.015625 0.020876826722338204
0 0.846875 0.6617954070981211 0.015625 0.020876826722338204
0 0.3484375 0.6784968684759917 0.015625 0.020876826722338204
0 0.8109375 0.6450939457202505 0.015625 0.020876826722338204
0 0.578125 0.7348643006263048 0.0578125 0.10438413361169102
0 0.390625 0.6722338204592901 0.015625 0.020876826722338204
0 0.9390625 0.732776617954071 0.0578125 0.10438413361169102
0 0.6953125 0.7933194154488518 0.0578125 0.10438413361169102
0 0.1546875 0.6826722338204593 0.015625 0.020876826722338204
0 0.0796875 0.6805845511482255 0.015625 0.020876826722338204
0 0.0012280273437499998 0.0020135895502547494 0.00009033203125000007 0.00021792094699726714
0 0.0734375 0.6576200417536534 0.015625 0.020876826722338204
0 0.4078125 0.6555323590814196 0.015625 0.020876826722338204
0 0.5859375 0.6764091858037579 0.015625 0.020876826722338204
0 0.1234375 0.7369519832985386 0.0578125 0.10438413361169102
0 0.390625 0.7202505219206681 0.0578125 0.10438413361169102
0 0.7140625 0.6597077244258872 0.015625 0.020876826722338204
0 0.7546875 0.7682672233820459 0.0578125 0.10438413361169102
0 0.4703125 0.7432150313152401 0.0578125 0.10438413361169102
0 0.3109375 0.6304801670146137 0.009375 0.014613778705636743
0 0.4234375 0.6910229645093946 0.015625 0.020876826722338204
0 0.8671875 0.6659707724425887 0.015625 0.020876826722338204
0 0.9203125 0.8058455114822547 0.0578125 0.10438413361169102
0 0.459375 0.6617954070981211 0.015625 0.020876826722338204
0 0.6265625 0.8643006263048016 0.0578125 0.10438413361169102
0 0.503125 0.8538622129436325 0.0578125 0.10438413361169102
0 0.8875 0.6534446764091858 0.015625 0.020876826722338204
0 0.9734375 0.7411273486430062 0.053125 0.10438413361169102
0 0.86875 0.6931106471816284 0.015625 0.020876826722338204
0 0.93125 0.6492693110647182 0.015625 0.020876826722338204
0 0.3828125 0.6304801670146137 0.009375 0.014613778705636743
0 0.1734375 0.6555323590814196 0.015625 0.020876826722338204
0 0.6359375 0.6576200417536534 0.015625 0.020876826722338204
0 0.4546875 0.6951983298538622 0.015625 0.020876826722338204
0 0.2265625 0.7411273486430062 0.1015625 0.13778705636743216
0 0.48125 0.6617954070981211 0.015625 0.020876826722338204
0 0.8484375 0.6889352818371608 0.015625 0.020876826722338204
0 0.559375 0.6910229645093946 0.015625 0.020876826722338204
0 0.125 0.6951983298538622 0.015625 0.020876826722338204
0 0.35546875 0.907098121085595 0.1171875 0.18580375782881003
0 0.053125 0.7432150313152401 0.0578125 0.10438413361169102