0 0.6015 0.08646616541353383 0.028 0.04661654135338346
0 0.0655 0.11052631578947368 0.031 0.04586466165413534
0 0.2495 0.16842105263157894 0.031 0.04586466165413534
0 0.8955 0.02293233082706767 0.0345 0.04586466165413534
0 0.9475 0.11654135338345864 0.0345 0.05413533834586466
0 0.08 0.3661654135338346 0.0395 0.062406015037593986
0 0.233 0.5360902255639097 0.0395 0.062406015037593986
0 0.116 0.649624060150376 0.047 0.08796992481203007
0 0.6605 0.10451127819548872 0.0345 0.05413533834586466
0 0.5905 0.017293233082706767 0.028 0.03458646616541353
0 0.751 0.21052631578947367 0.0415 0.07593984962406015
0 0.45 0.18721804511278195 0.038 0.06842105263157895
0 0.37 0.4556390977443609 0.0395 0.062406015037593986
0 0.642 0.518796992481203 0.0355 0.062406015037593986
0 0.686 0.17894736842105263 0.0415 0.07593984962406015
0 0.422 0.2864661654135338 0.038 0.06842105263157895
0 0.867 0.5857142857142857 0.108 0.18571428571428572
0 0.952 0.29022556390977444 0.0415 0.07593984962406015
0 0.365 0.23684210526315788 0.038 0.06842105263157895
0 0.708 0.4052631578947368 0.0435 0.08045112781954887
0 0.4015 0.01804511278195489 0.028 0.03609022556390978
0 0.887 0.21203007518796993 0.0415 0.07593984962406015
0 0.5315 0.4421052631578947 0.0355 0.062406015037593986
0 0.1845 0.518796992481203 0.0395 0.062406015037593986
0 0.271 0.08421052631578947 0.028 0.04661654135338346
0 0.0705 0.3819548872180451 0.0395 0.062406015037593986
0 0.1345 0.16691729323308271 0.031 0.04586466165413534
0 0.34 0.7052631578947368 0.0625 0.1481203007518797
0 0.371 0.49022556390977445 0.0395 0.062406015037593986
0 0.821 0.4443609022556391 0.0615 0.0962406015037594
0 0.796 0.04887218045112782 0.0345 0.05413533834586466
0 0.148 0.3150375939849624 0.0365 0.06616541353383458
0 0.6655 0.7406015037593985 0.0925 0.18345864661654135
0 0.0555 0.26842105263157895 0.0365 0.06616541353383458
0 0.2615 0.37218045112781956 0.0395 0.062406015037593986
0 0.255 0.21804511278195488 0.031 0.04586466165413534
0 0.8325 0.11729323308270677 0.0345 0.05413533834586466
0 0.4305 0.6075187969924812 0.0625 0.1481203007518797
0 0.921 0.6421052631578947 0.108 0.18571428571428572
0 0.928 0.4766917293233083 0.0615 0.0962406015037594
0 0.1485 0.5947368421052631 0.047 0.08796992481203007
0 0.1735 0.11729323308270677 0.031 0.04586466165413534
0 0.86 0.1330827067669173 0.0415 0.07593984962406015
0 0.6015 0.6368421052631579 0.0925 0.18345864661654135
0 0.5445 0.3827067669172932 0.0355 0.062406015037593986
0 0.5675 0.2714285714285714 0.038 0.06842105263157895
0 0.087 0.7909774436090226 0.0625 0.1481203007518797
0 0.0004987500000000001 0.0004239923116060829 0.000030000000000000028 0.0001458533551924925
0 0.325 0.07669172932330827 0.028 0.04661654135338346
0 0.19 0.0887218045112782 0.031 0.04586466165413534
0 0.5395 0.5481203007518797 0.0355 0.062406015037593986
0 0.5465 0.21278195488721804 0.038 0.06842105263157895
0 0.347 0.8473684210526315 0.0625 0.1481203007518797
0 0.4705 0.18345864661654135 0.038 0.06842105263157895
0 0.771 0.7082706766917293 0.108 0.18571428571428572
0 0.1545 0.23383458646616542 0.031 0.04586466165413534
0 0.7335 0.21578947368421053 0.0415 0.07593984962406015
0 0.609 0.18721804511278195 0.037 0.06315789473684211
0 0.829 0.3007518796992481 0.0435 0.08045112781954887
0 0.578 0.11052631578947368 0.028 0.04661654135338346
0 0.261 0.26165413533834586 0.0365 0.06616541353383458
0 0.963 0.33383458646616543 0.0435 0.08045112781954887
0 0.241 0.4112781954887218 0.0395 0.062406015037593986
0 0.0004985 0.0000825371699926508 0.000017250000000000043 0.000040703261914183965
0 0.334 0.2593984962406015 0.038 0.06842105263157895
0 0.751 0.011278195488721804 0.0265 0.022556390977443608
0 0.798 0.3030075187969925 0.0435 0.08045112781954887
0 0.918 0.39398496240601505 0.0435 0.08045112781954887
0 0.3475 0.33157894736842103 0.0395 0.062406015037593986
0 0.376 0.11353383458646617 0.028 0.04661654135338346
0 0.4015 0.43834586466165415 0.0395 0.062406015037593986
0 0.00875 0.1661654135338346 0.0175 0.04586466165413534
0 0.4185 0.1593984962406015 0.038 0.06842105263157895
0 0.434 0.06691729323308271 0.028 0.04661654135338346
0 0.4635 0.39097744360902253 0.0355 0.062406015037593986
0 0.126 0.39849624060150374 0.0395 0.062406015037593986
0 0.397 0.6488721804511278 0.0625 0.1481203007518797
0 0.2455 0.6586466165413534 0.047 0.08796992481203007
0 0.2215 0.15037593984962405 0.031 0.04586466165413534
0 0.6425 0.032330827067669175 0.0345 0.05413533834586466
0 0.909 0.1037593984962406 0.0345 0.05413533834586466
0 0.2175 0.20451127819548873 0.031 0.04586466165413534
0 0.7825 0.07142857142857142 0.0345 0.05413533834586466
0 0.699 0.06842105263157895 0.0345 0.05413533834586466
0 0.8585 0.010902255639097745 0.0265 0.02180451127819549
0 0.6915 0.030827067669172932 0.0345 0.05413533834586466
0 0.1005 0.4398496240601504 0.0395 0.062406015037593986
0 0.00049925 0.0002905760642207021 0.00001824999999999999 0.00006896941602125614
0 0.4455 0.0443609022556391 0.028 0.04661654135338346
0 0.1695 0.6127819548872181 0.047 0.08796992481203007
0 0.194 0.19774436090225564 0.031 0.04586466165413534
0 0.323 0.37293233082706767 0.0395 0.062406015037593986
0 0.9685 0.0774436090225564 0.0345 0.05413533834586466
0 0.486 0.48345864661654137 0.0355 0.062406015037593986
0 0.0715 0.21804511278195488 0.031 0.04586466165413534
0 0.233 0.3533834586466165 0.0365 0.06616541353383458
0 0.5395 0.45789473684210524 0.0355 0.062406015037593986
0 0.7805 0.3015037593984962 0.0435 0.08045112781954887
0 0.574 0.06616541353383458 0.028 0.04661654135338346
0 0.2065 0.3804511278195489 0.0395 0.062406015037593986
0 0.331 0.09323308270676692 0.028 0.04661654135338346
0 0.383 0.015413533834586466 0.028 0.030827067669172932
0 0.116 0.16090225563909774 0.031 0.04586466165413534
0 0.4845 0.6548872180451127 0.0925 0.18345864661654135
0 0.533 0.32030075187969925 0.0355 0.062406015037593986
0 0.305 0.1887218045112782 0.031 0.04586466165413534
0 0.2045 0.2639097744360902 0.0365 0.06616541353383458
0 0.555 0.49473684210526314 0.0355 0.062406015037593986
0 0.842 0.08345864661654136 0.0345 0.05413533834586466
0 0.4905 0.014285714285714285 0.028 0.02857142857142857
0 0.943 0.2 0.0415 0.07593984962406015
0 0.6205 0.03007518796992481 0.0345 0.05413533834586466
0 0.034 0.5593984962406015 0.0395 0.062406015037593986
0 0.0235 0.23082706766917294 0.031 0.04586466165413534
0 0.396 0.16842105263157894 0.038 0.06842105263157895
0 0.8 0.1887218045112782 0.0415 0.07593984962406015
0 0.1335 0.20075187969924813 0.031 0.04586466165413534
0 0.53 0.02857142857142857 0.028 0.04661654135338346
0 0.7825 0.5022556390977444 0.0615 0.0962406015037594
0 0.9795 0.04586466165413534 0.0345 0.05413533834586466
0 0.4445 0.24887218045112783 0.038 0.06842105263157895
0 0.2705 0.014285714285714285 0.028 0.02857142857142857
0 0.3 0.3082706766917293 0.0395 0.062406015037593986
0 0.4905 0.17894736842105263 0.038 0.06842105263157895
0 0.97975 0.19661654135338347 0.0405 0.07593984962406015
0 0.029 0.4924812030075188 0.0395 0.062406015037593986
0 0.651 0.06691729323308271 0.0345 0.05413533834586466
0 0.152 0.7781954887218046 0.0625 0.1481203007518797
0 0.489 0.11052631578947368 0.028 0.04661654135338346
0 0.017 0.5578947368421052 0.034 0.062406015037593986
0 0.4815 0.7684210526315789 0.0925 0.18345864661654135
0 0.711 0.5345864661654135 0.0615 0.0962406015037594