0 0.041435185185185186 0.2830246913580247 0.0525462962962963 0.07962962962962963
0 0.2162037037037037 0.14598765432098765 0.05694444444444444 0.08395061728395062
0 0.040046296296296295 0.4608024691358025 0.05138888888888889 0.08024691358024691
0 0.040046296296296295 0.9361111111111111 0.06597222222222222 0.08580246913580247
0 0.7983796296296296 0.08302469135802469 0.05694444444444444 0.08395061728395062
0 0.21180555555555555 0.4888888888888889 0.05138888888888889 0.08024691358024691
0 0.00021208419067215365 0.00029921124828532233 0.000015271347736625536 0.000026482243560432895
0 0.2222222222222222 0.7422839506172839 0.06597222222222222 0.08580246913580247
0 0.5949074074074074 0.48858024691358026 0.053009259259259256 0.07438271604938272
0 0.022685185185185187 0.023765432098765433 0.04537037037037037 0.047530864197530866
0 0.569212962962963 0.7256172839506173 0.06597222222222222 0.08580246913580247
0 0.30416666666666664 0.3484567901234568 0.0525462962962963 0.07962962962962963
0 0.00023126714677640606 0.000052773967383020875 0.000011734825102880667 0.000022767108672458474
0 0.5060185185185185 0.20925925925925926 0.05694444444444444 0.08395061728395062
0 0.18680555555555556 0.20401234567901236 0.05694444444444444 0.08395061728395062
0 0.9652777777777778 0.23148148148148148 0.05694444444444444 0.08395061728395062
0 0.5532407407407407 0.0558641975308642 0.05694444444444444 0.08395061728395062
0 0.2273148148148148 0.07592592592592592 0.05694444444444444 0.08395061728395062
0 0.0001685206618655693 0.00030149748513946047 0.000015271347736625536 0.000026482243560432827
0 0.3375 0.042283950617283954 0.05694444444444444 0.08395061728395062
0 0.08333333333333333 0.7351851851851852 0.06597222222222222 0.08580246913580247
0 0.9206018518518518 0.5774691358024692 0.053009259259259256 0.07438271604938272
0 0.0002311599794238683 0.00008859167809785093 0.000011306155692729744 0.000021719250114311857
0 0.1398148148148148 0.22253086419753088 0.05694444444444444 0.08395061728395062
0 0.9222222222222223 0.43703703703703706 0.053009259259259256 0.07438271604938272
0 0.6726851851851852 0.22962962962962963 0.05694444444444444 0.08395061728395062
0 0.41712962962962963 0.832716049382716 0.06597222222222222 0.08580246913580247
0 0.07824074074074074 0.9475308641975309 0.06597222222222222 0.08580246913580247
0 0.5319444444444444 0.21265432098765433 0.05694444444444444 0.08395061728395062
0 0.09166666666666666 0.6679012345679012 0.05138888888888889 0.08024691358024691
0 0.8787037037037037 0.07006172839506172 0.05694444444444444 0.08395061728395062
0 0.5449074074074074 0.1169753086419753 0.05694444444444444 0.08395061728395062
0 0.9064814814814814 0.30401234567901236 0.04884259259259259 0.07037037037037037
0 0.7706018518518518 0.508641975308642 0.053009259259259256 0.07438271604938272
0 0.7 0.8901234567901235 0.06597222222222222 0.08580246913580247
0 0.11435185185185186 0.29845679012345677 0.0525462962962963 0.07962962962962963
0 0.07083333333333333 0.8648148148148148 0.06597222222222222 0.08580246913580247
0 0.8199074074074074 0.15462962962962962 0.05694444444444444 0.08395061728395062
0 0.6201388888888889 0.370679012345679 0.04884259259259259 0.07037037037037037
0 0.7305555555555555 0.3388888888888889 0.04884259259259259 0.07037037037037037
0 0.7449074074074075 0.7151234567901235 0.06597222222222222 0.08580246913580247
0 0.2622685185185185 0.03641975308641975 0.05694444444444444 0.0728395061728395
0 0.513425925925926 0.4339506172839506 0.05393518518518518 0.09135802469135802
0 0.02141203703703704 0.3515432098765432 0.04282407407407408 0.0808641975308642
0 0.3875 0.8058641975308642 0.06597222222222222 0.08580246913580247
0 0.4928240740740741 0.06512345679012346 0.05694444444444444 0.08395061728395062
0 0.10532407407407407 0.04259259259259259 0.05694444444444444 0.08395061728395062
0 0.9048611111111111 0.3512345679012346 0.04884259259259259 0.07037037037037037
0 0.16921296296296295 0.10061728395061728 0.05694444444444444 0.08395061728395062
0 0.8736111111111111 0.45771604938271604 0.053009259259259256 0.07438271604938272
0 0.6615740740740741 0.34444444444444444 0.04884259259259259 0.07037037037037037
0 0.1150462962962963 0.8339506172839506 0.06597222222222222 0.08580246913580247
0 0.14328703703703705 0.6496913580246914 0.05138888888888889 0.08024691358024691
0 0.2337962962962963 0.6188271604938271 0.05138888888888889 0.08024691358024691
0 0.00003006044238683128 0.00030626047858558147 0.000015271347736625512 0.000026482243560432895
0 0.8175925925925925 0.7956790123456791 0.06597222222222222 0.08580246913580247
0 0.7574074074074074 0.19506172839506172 0.05694444444444444 0.08395061728395062
0 0.06921296296296296 0.5496913580246914 0.05138888888888889 0.08024691358024691
0 0.7969907407407407 0.591358024691358 0.053009259259259256 0.07438271604938272
0 0.42986111111111114 0.2740740740740741 0.05694444444444444 0.08395061728395062
0 0.7854166666666667 0.958179012345679 0.06597222222222222 0.08364197530864198