0 0.030357142857142857 0.5642857142857143 0.03214285714285714 0.06428571428571428
0 0.5303571428571429 0.5666666666666667 0.03214285714285714 0.06428571428571428
0 0.8375 0.4095238095238095 0.0035714285714285713 0.007142857142857143
0 0.1767857142857143 0.5142857142857142 0.03214285714285714 0.06428571428571428
0 0.7375 0.44047619047619047 0.01607142857142857 0.01904761904761905
0 0.5946428571428571 0.6166666666666667 0.03214285714285714 0.06428571428571428
0 0.6339285714285714 0.5095238095238095 0.03214285714285714 0.06428571428571428
0 0.22857142857142856 0.5023809523809524 0.03214285714285714 0.06428571428571428
0 0.4125 0.4261904761904762 0.01607142857142857 0.01904761904761905
0 0.5 0.4261904761904762 0.01607142857142857 0.01904761904761905
0 0.26785714285714285 0.6142857142857143 0.03214285714285714 0.06428571428571428
0 0.2982142857142857 0.4357142857142857 0.01607142857142857 0.01904761904761905
0 0.7982142857142858 0.5071428571428571 0.03214285714285714 0.06428571428571428
0 0.4357142857142857 0.6214285714285714 0.03214285714285714 0.06428571428571428
0 0.16428571428571428 0.5952380952380952 0.03214285714285714 0.06428571428571428
0 0.7357142857142858 0.4142857142857143 0.005357142857142857 0.002380952380952381
0 0.1392857142857143 0.5 0.03214285714285714 0.06428571428571428
0 0.3125 0.5 0.03214285714285714 0.06428571428571428
0 0.44821428571428573 0.5595238095238095 0.03214285714285714 0.06428571428571428
0 0.5553571428571429 0.45714285714285713 0.01607142857142857 0.01904761904761905
0 0.5089285714285714 0.4357142857142857 0.01607142857142857 0.01904761904761905
0 0.4785714285714286 0.4166666666666667 0.01607142857142857 0.01904761904761905
0 0.4982142857142857 0.45714285714285713 0.01607142857142857 0.01904761904761905
0 0.3892857142857143 0.5333333333333333 0.03214285714285714 0.06428571428571428
0 0.3517857142857143 0.4380952380952381 0.01607142857142857 0.01904761904761905
0 0.2625 0.46904761904761905 0.01607142857142857 0.01904761904761905
0 0.9142857142857143 0.4357142857142857 0.01607142857142857 0.01904761904761905
0 0.6178571428571429 0.43333333333333335 0.01607142857142857 0.01904761904761905
0 0.24107142857142858 0.55 0.03214285714285714 0.06428571428571428
0 0.4446428571428571 0.4523809523809524 0.01607142857142857 0.01904761904761905
0 0.4446428571428571 0.4261904761904762 0.01607142857142857 0.01904761904761905
0 0.8428571428571429 0.5523809523809524 0.03214285714285714 0.06428571428571428
0 0.29285714285714287 0.4857142857142857 0.01607142857142857 0.01904761904761905
0 0.9875 0.5261904761904762 0.025 0.06428571428571428
0 0.49107142857142855 0.5452380952380952 0.03214285714285714 0.06428571428571428
0 0.7642857142857142 0.47619047619047616 0.01607142857142857 0.01904761904761905
0 0.6214285714285714 0.49523809523809526 0.03214285714285714 0.06428571428571428
0 0.11607142857142858 0.5047619047619047 0.03214285714285714 0.06428571428571428
0 0.5732142857142857 0.4714285714285714 0.01607142857142857 0.01904761904761905