0 0.8767361111111112 0.33564814814814814 0.08719135802469136 0.12760416666666666
0 0.6533564814814815 0.171875 0.029320987654320986 0.06394675925925926
0 0.36246141975308643 0.46122685185185186 0.09278549382716049 0.19994212962962962
0 0.00019096626848041456 0.00006446786051097394 0.000012056327160493826 0.000021014848036694096
0 0.8061342592592593 0.17158564814814814 0.029513888888888888 0.05758101851851852
0 0.034047067901234566 0.3368055555555556 0.06809413580246913 0.15885416666666666
0 0.4895833333333333 0.45949074074074076 0.09278549382716049 0.19994212962962962
0 0.8674768518518519 0.1322337962962963 0.029513888888888888 0.05758101851851852
0 0.6107253086419753 0.1634837962962963 0.029320987654320986 0.06394675925925926
0 0.8622685185185185 0.7410300925925926 0.1392746913580247 0.3237847222222222
0 0.8989197530864198 0.20717592592592593 0.052083333333333336 0.07262731481481481
0 0.4519675925925926 0.2109375 0.033371913580246916 0.0625
0 0.7349537037037037 0.2543402777777778 0.07272376543209877 0.1111111111111111
0 0.7239583333333334 0.18489583333333334 0.03761574074074074 0.04774305555555555
0 0.7729552469135802 0.3012152777777778 0.060570987654320986 0.1111111111111111
0 0.5763888888888888 0.1371527777777778 0.029320987654320986 0.06394675925925926
0 0.4855324074074074 0.3107638888888889 0.09915123456790123 0.18113425925925927
0 0.6107253086419753 0.2977430555555556 0.09915123456790123 0.18113425925925927
0 0.9646990740740741 0.21469907407407407 0.052083333333333336 0.07262731481481481
0 0.39641203703703703 0.15133101851851852 0.033371913580246916 0.0625
0 0.7783564814814815 0.5885416666666666 0.12075617283950617 0.23987268518518517
0 0.10561342592592593 0.6550925925925926 0.21122685185185186 0.34837962962962965
0 0.09587191358024691 0.23668981481481483 0.08063271604938271 0.15885416666666666
0 0.008198302469135802 0.2271412037037037 0.016396604938271605 0.046296296296296294