0 0.27837837837837837 0.5 0.024324324324324326 0.055288461538461536
0 0.43243243243243246 0.43028846153846156 0.024324324324324326 0.055288461538461536
0 0.5405405405405406 0.49278846153846156 0.024324324324324326 0.055288461538461536
0 0.02027027027027027 0.31971153846153844 0.04054054054054054 0.10096153846153846
0 0.6527027027027027 0.5024038461538461 0.024324324324324326 0.055288461538461536
0 0.7297297297297297 0.6201923076923077 0.024324324324324326 0.055288461538461536
0 0.754054054054054 0.5552884615384616 0.024324324324324326 0.055288461538461536
0 0.1662162162162162 0.38461538461538464 0.024324324324324326 0.055288461538461536
0 0.8378378378378378 0.35336538461538464 0.024324324324324326 0.055288461538461536
0 0.3891891891891892 0.4567307692307692 0.024324324324324326 0.055288461538461536
0 0.23378378378378378 0.4735576923076923 0.024324324324324326 0.055288461538461536
0 0.4891891891891892 0.4495192307692308 0.024324324324324326 0.055288461538461536
0 0.0918918918918919 0.21394230769230768 0.06351351351351352 0.1201923076923077
0 0.5986486486486486 0.3389423076923077 0.024324324324324326 0.055288461538461536
0 0.22297297297297297 0.47115384615384615 0.024324324324324326 0.055288461538461536
0 0.8013513513513514 0.47836538461538464 0.024324324324324326 0.055288461538461536
0 0.7067567567567568 0.49759615384615385 0.024324324324324326 0.055288461538461536
0 0.0013367421475529583 0.00019068971893491124 0.00006939371804236658 0.0003467085798816568
0 0.8797297297297297 0.31009615384615385 0.024324324324324326 0.055288461538461536
0 0.33918918918918917 0.36538461538461536 0.024324324324324326 0.055288461538461536